0 119.038 169.358 248.654 160.655 508.063 295.147 199.449 544.541 431.057 165.082 382.884 409.225 424.661 272.947 87.5557 156.678 187.459 225.63 200.998 249.648 301.281 332.002 284.951 353.638 243.347 201.296 220.635 304.237 241.828 175.864 404.25 265.767 148.933 198.215 416.621 299.908 331.097 65.192 319.32 37.3631 325.117 206.41 313.637 97.6729 180.624 318.729 348.692 394.685 105.262 369.46 527.532 376.617 174.748 388.486 505.799 537.812 388.12 270.352 382.205 168.297 135.882 271.074 281.78 475.857 388.892 411.768 299.803 304.113 242.217 65.6201 452.747 465.242 504.51 508.087 127.424 401.92 355.051 301.869 169.712 383.584 553.766 189.235 419.448 345.272 355.848 382.884 308.006 303.916 319.714 527.296 403.903 262.338 342.2 302.447 401.328 250.966 321.4 499.001 227.059 587.634 523.534 419.787 173.217 115.974 328.154 185.151 197.952 160 297.2 588.344 121.495 394.468 197.231 187.2 274.346 121.165 174.622 459.37 391.369 303.516 380.064 589.042 203.081 321.338 235.091 150.479 89.3085 166.087 81.8352 
119.038 0 139.054 130.74 273.854 390.633 364.793 137.295 468.386 323.883 282.379 309.118 313.045 317.593 230.083 190.683 113.146 109.238 197.851 86.8217 157.918 192.354 224.956 229.941 374.318 326.546 169.594 274.521 259.048 215.232 133.094 403.911 172.818 132.185 81.4923 409.66 189.528 236.485 106.019 207.473 114.237 206.09 222.461 195.576 213.002 74.4648 207.234 374.23 280.845 39.8246 250.45 442.163 259.942 75.0267 272.501 433.803 465.124 274.774 242.528 263.205 285.394 203.081 308.365 389.012 402.057 391.567 310.517 325.859 410.703 304.304 92.0217 340.156 372.263 414.738 419.411 246.457 359.235 307.065 228.265 59.4643 320.975 491.855 179.655 412.351 342.533 458.26 309.118 406.972 286.833 313.179 413.368 304.138 148.691 318.987 236.449 299.536 322.816 332.962 402.8 175.824 539.548 407.414 364.978 203.002 184.878 217.745 228.633 137.058 278.787 298.6 548.085 173.98 392.037 154.693 230.083 211.783 145.962 57.4891 442.462 273.386 245.943 267.255 547.522 305.64 317.591 180.361 205.139 175.482 270.046 57.3149 
169.358 139.054 0 220.057 256.445 409.158 463.243 48.7647 596.487 301.602 278.6 441.328 262.68 295.413 369.131 176.409 250.46 68.0074 335.316 140.918 118.533 191.039 211.983 368.42 501.767 412.698 307.028 169.664 398.038 78.3901 271.09 538.591 132.098 264.358 189.623 545.909 193.879 358.219 105.224 214.086 134.648 263.068 348.432 238.113 215.448 114.18 212.514 499.64 368.274 102.927 300.707 564.613 337.926 208.06 290.002 564.564 595.117 364.177 106.977 311.578 316.484 135.093 427.108 442.088 532.438 252.604 272.501 450.315 464.544 407.869 104.019 427.591 489.869 534.161 539.676 263.865 498.046 186.067 362.664 120.83 456.847 626.039 43.8634 548.647 203.482 518.855 441.328 473.711 423.902 174.141 493.199 416.927 175.73 457.214 372.907 263.685 419.144 463.249 516.109 314.875 676.993 416.368 502.176 322.121 128.763 319.363 341.884 46.5296 299.242 431.567 686.604 105.646 527.137 29.1548 124.459 349.451 70.1783 141.326 580.539 342 134.937 269.883 685.907 368.782 178.55 68.542 310.886 146.24 332.038 105.304 
248.654 130.74 220.057 0 404.491 273.403 449.472 187.843 386.619 240.875 412.961 244.264 256.538 235.44 225.391 320.601 164.149 156 221.531 79.3788 152.069 127.094 156.697 209.122 413.842 424.623 200.242 383.532 243.83 276.062 171.082 418.914 157.433 196.331 50.774 416.941 120.075 148.553 232.398 127.318 244.469 82.6196 281.443 85.7263 343.722 105.991 128.472 418.499 153.326 159.477 125.897 349.344 129.541 90.4434 166.012 359.547 388.094 148.054 296.279 138.6 411.316 323.501 370.775 504.191 327.562 454.964 243.249 375.959 524.864 387.734 218.68 213.338 272.377 317.177 323.149 375.766 330.238 327.283 179.922 102.396 270.633 427.282 263.501 419.228 405.455 567.596 244.264 514.437 299.376 375.926 284.58 198.215 83.6301 319.102 197.8 232.364 412.312 368.224 296.744 180.136 489.605 294.593 319.678 277.743 307.371 99.3277 308.133 189.214 406.985 328.672 507.117 292.171 405.975 218.625 337.38 185.809 258.07 85.0529 435.725 142.762 265.211 173.367 505.079 419.363 382.294 221.606 296.771 303 386.207 183.636 
160.655 273.854 256.445 404.491 0 649.931 328.125 302.645 696.509 555.093 31.1448 536.256 519.119 548.774 417.049 86.093 311.362 306.42 366.476 345.731 368.481 433.631 460.245 433.849 442.143 264.038 346.771 177.003 447.493 298.357 328.283 508.665 383.763 295.995 355.186 526.077 434.195 490.98 177.37 454.675 160.256 476.123 322.188 460.298 63.1981 320.632 453.61 432.56 553.782 248.294 519.747 683.55 533.796 335.233 528.682 656.284 688.192 547.42 320.45 532.226 105.309 129.252 353.425 228.845 627.632 377.005 528.221 389.61 248.888 299.127 189.652 612.413 624.051 662.193 665.398 65.9469 538.852 412.443 457.053 313.949 532.102 698.075 246.982 528.834 347.973 305.722 536.256 275.83 430.308 332.459 686.479 564.22 402.851 469.695 454.981 519.024 290.327 422.682 658.438 377.934 722.41 661.696 563.195 286.024 128.81 488.206 281.448 300.528 79.3095 410.3 717.455 152.411 501.523 284.116 179.271 426.708 186.271 324.205 574.781 546.816 379.71 514.65 719.072 190.589 330.121 322.233 247.358 112.045 167.61 222.874 
508.063 390.633 409.158 273.403 649.931 0 719.672 360.627 474.735 136.624 664.726 410.239 204.198 139.918 463.642 563.895 435.491 347.052 477.834 307.35 290.799 218.71 198.275 438.458 662.205 697.741 462.42 573.055 469.553 417.173 439.09 647.186 278.352 467.937 321.386 638.045 216.945 325.037 472.883 196.359 493.627 190.801 547.486 195.182 594.955 330.262 197.677 669.813 208.346 405.216 149.04 419.326 188.298 363.804 121.264 471.721 486.952 214.674 419.173 137.058 675.825 542.07 634.281 776.149 448.152 549.615 177.767 633.039 797.168 658.384 461.313 211.518 351.537 384.596 392.173 634.228 523.24 382.953 392.689 339.072 449.641 544.266 440.193 639.707 510.025 840.84 410.239 787.779 538.321 487.591 208.291 301.374 247.493 545.055 414.046 178.55 684.134 616.644 345.326 433.576 624.059 30.5941 493.004 548.471 531.836 256.727 579.193 362.857 667.856 576.812 654.801 510.718 634.436 389.076 530.739 417.528 473.152 333.678 639.879 162.807 350.043 139.517 650.54 691.527 495.631 362.927 569.86 539.192 657.481 430.601 
295.147 364.793 463.243 449.472 328.125 719.672 0 486.806 531.58 681.893 301.204 407.49 677.411 675.85 285.804 333.985 285.328 467.017 251.191 446.972 522.169 552.226 585.455 314.721 158.202 64.2028 260 484.314 300.093 536.974 280.585 237.356 537.386 253.19 407.241 261.123 548.034 429.219 360.336 563.298 331.958 530.533 174.451 534.303 301.761 439.178 563.578 143.422 542.122 378.122 570.685 545.558 543.625 360.451 615.179 489.249 516.196 534.312 565.489 582.619 225.858 406.044 102.474 162.086 471.695 674.443 673.205 129.808 165.605 61.8466 359.402 584.086 520.156 540.883 540.281 264.97 340.993 649.308 361.996 423.785 379.701 498.747 484.134 263.19 634.502 167.487 407.49 124.016 236.578 610.925 655.809 495.146 505.016 263.486 345.326 662.082 44.1814 171.05 557.453 293.728 489.124 742.859 382.415 171.732 390.52 475.278 141.439 485.696 250.839 191.708 469.614 405.291 237 490.016 464.952 326.879 414.513 416.347 313.409 566.832 595.142 618.738 473.381 140.121 611.636 526.137 159.662 358.24 161.037 363.446 
199.449 137.295 48.7647 187.843 302.645 360.627 486.806 0 571.896 253.476 323.444 421.279 217.424 247.243 362.315 220.368 250.008 33.3017 334.145 109.417 69.857 143.003 163.233 357.8 510.819 440.13 306.052 215.379 389.466 88.7525 269.318 541.001 83.3547 269.164 166.604 546.191 146.25 332.543 140.036 166.208 168.618 220.656 358.052 194 258.07 87.2067 164.56 510.131 329.952 110.653 256.158 536.733 297.893 195 241.961 542.2 571.939 326.455 111.759 266.543 356.27 183.619 441.376 478.769 510 269.201 225.577 461.313 501.231 429.019 134.737 388.361 460.185 504.938 510.831 305.177 487.647 169.921 345.782 99.0858 440.533 606.542 83.1505 548.854 219.401 554.314 421.279 507.307 423.104 189.613 451.519 386.039 132.185 453.882 358.343 216.416 443.157 470.023 484.258 308.039 661.926 367.614 487.517 335.452 176.324 286.386 358.258 2.23607 340.688 435.894 674.226 153.6 529.034 32.249 171.231 337.179 117.034 119.503 577.26 299.883 110.027 221.253 673.09 402.266 195.556 43.0813 330.055 191.175 365.274 123.406 
544.541 468.386 596.487 386.619 696.509 474.735 531.58 571.896 0 549.004 689.664 161.818 597.302 546.738 282.214 632.093 387.883 538.912 333.338 462.65 537.372 493.037 510.882 262.835 388.645 555.673 350.179 742.418 254.018 660.648 369.287 323.13 540.46 400.52 407.141 300.629 485.242 239.353 567.737 480.521 563.49 394.381 397.291 424.279 635.079 485.489 482.59 403.387 289.38 508.08 393.289 56.4358 324.785 393.449 459.724 42.7551 19.4165 287.057 682.265 394.533 648.019 666.325 431.041 671.733 68.884 840.787 574.115 401.991 683.769 492.893 554.564 264.282 127.769 90.1388 82.5651 641.718 190.906 710.617 243.578 476.253 166.048 77.2787 640.176 300.203 791.08 698.164 161.818 649.825 298.931 761.369 281.205 198.073 463.072 268.209 242.217 566.117 523.153 361.93 129.757 318.78 158.71 505.166 149.452 428.263 646.688 295.601 447.79 573.01 658.639 340.93 196.148 639.864 315.991 600.92 698.419 270.446 614.252 455.509 265.906 343.169 650.044 488.42 190.539 602.625 767.433 607.876 470.18 628.841 587.818 523.29 
431.057 323.883 301.602 240.875 555.093 136.624 681.893 253.476 549.004 0 574.186 447.663 67.6831 6.40312 463.027 470.986 399.962 249.634 462.404 237.474 186.724 131.529 99.3227 443.289 654.646 649.015 440.756 454.913 477.554 293.586 409.91 656.076 171.33 430.763 275.835 651.887 134.659 349.807 383.693 118.596 408.825 175.263 519.805 157.08 506.448 251.962 118.33 659.372 259.942 325.972 158.597 497.618 225.942 323.563 90.824 536.236 557.545 262.962 291.204 155.206 597.998 436.644 609.594 710.978 507.986 414.03 41.1947 616.497 732.995 620.165 374.422 291.578 421.236 461.567 469.078 550.699 551.951 247.073 405.395 265.187 482.93 609.647 325.22 653.992 375.9 781.799 447.663 730.809 538.209 354.865 317.233 355.224 177.158 554.398 425.883 43.566 641.998 608.963 426.169 420.63 684.155 129.314 530.928 511.783 429.791 275.77 541.07 255.666 585.821 569.289 709.544 407.044 643.078 277.074 415.723 420.171 370.45 267.935 664.588 205.913 219.317 69.1158 706.229 628.716 362.927 244.773 523.849 443.091 592.558 349.401 
165.082 282.379 278.6 412.961 31.1448 664.726 301.204 323.444 689.664 574.186 0 530.739 540.715 567.828 408.431 103.276 308.415 324.655 357.414 358.491 387.495 450.309 478.014 426.878 420.837 237.002 339.511 208.01 438.292 324.84 324.006 489.459 403.073 290.209 362.857 507.694 450.405 490.931 192.255 470.724 171.511 487.177 307.748 473.003 69.9714 334.51 469.774 410.641 559.732 260.346 531.207 679.166 541.498 339.159 543.696 648.827 680.584 553.13 347.807 543.824 76.1577 156.371 332.363 197.717 620.906 408.031 548.701 369.153 217.745 275.545 203.435 617.608 622.223 659.171 662.048 48.5077 526.938 439.915 453 326.585 524.299 687.89 272.415 510.416 378.53 274.591 530.739 244.965 416.486 362.509 692.301 564.838 417.235 455.742 449.491 539.233 264.764 403.745 657.305 372.344 709.001 677.634 553.249 271.956 153.473 492.85 264.426 321.386 50.4777 393.777 702.493 176.876 482.867 306.894 208.691 421.343 208.665 335.197 557.28 555.707 405.031 531.154 704.348 162.29 360.347 345.589 231.758 132.439 142.144 234.796 
382.884 309.118 441.328 244.264 536.256 410.239 407.49 421.279 161.818 447.663 530.739 0 483.617 443.961 130 470.415 226.318 387.981 179.201 314.006 395.904 364.299 388.182 105.683 290.689 419.154 192.042 581.997 108.259 509.475 208.173 250.89 401.696 240.601 254.678 236.578 356.602 99.7447 406.51 356.877 401.721 275.77 251.446 301.582 474.337 334.073 358.67 302.909 202.01 348.941 290.147 149.566 227.491 234.804 357.263 124.888 156.544 196.023 532.918 295.968 493.465 504.928 305.177 531.263 93.6376 690.16 464.186 284.707 545.77 359.167 393.49 213.214 113.004 135.978 136.821 483.265 114.14 571.308 81.9329 323.125 40.2616 185.27 484.531 237.716 640.344 568.032 0 516.608 173.046 610.512 270.313 112.792 326.547 158.521 81.3019 454.612 390.036 251.766 150.047 158.455 245.524 440.073 83.863 278.115 485.199 172.351 301.644 422.153 502.195 219.272 265.211 478.929 239.301 448.54 538.535 109.554 454.406 302.352 230.671 251.877 508.836 380.438 262.652 456.213 616.106 459.883 318.955 467.042 437.307 362.906 
409.225 313.045 262.68 256.538 519.119 204.198 677.411 217.424 597.302 67.6831 540.715 483.617 0 65.146 481.877 437.759 403.521 222.036 474.105 231.311 159.678 131.061 99.8499 465.283 666.007 639.1 450.028 403.887 499.985 240.786 416.434 675.29 143.6 432.261 281.087 673.466 137.295 384.021 355.338 129.838 382.613 208.062 523.689 182.497 475.408 238.6 128.456 669.242 308.637 306.863 204.201 548.074 272.619 328.39 140.014 581.042 604.358 310.413 234.139 204.24 572.085 395.415 613.125 691.003 551.461 348.144 27.313 624.039 713.337 616.417 347.973 347.225 470.027 512.118 519.481 522.031 581.884 181.224 432.231 253.734 516.289 653.809 279.258 675.743 311.708 764.519 483.617 715.235 555.347 292.226 379.697 400.281 179.003 575.613 451.616 31.8277 635.784 621.029 478.657 434.968 725.392 195.092 565.192 511.117 391.138 311.849 538.934 219.44 557.517 582.193 748.323 367.739 662.375 235.476 367.691 441.938 332.848 261.63 690.927 256.088 160.851 109.343 745.435 611.196 300.262 199.06 517.816 408.31 574.401 327.832 
424.661 317.593 295.413 235.44 548.774 139.918 675.85 247.243 546.738 6.40312 567.828 443.961 65.146 0 458.001 464.634 394.123 243.261 456.968 231.225 180.38 125.24 92.9624 438.456 649.262 642.816 435.188 449.165 472.772 288.045 404.199 651.151 165.012 424.86 269.967 647.117 128.445 345.861 377.302 112.579 402.424 170.839 514.029 152.003 500.069 245.605 112.272 653.912 257.498 319.583 155.467 495.626 223.161 317.723 87.7268 533.526 555.09 260.354 286.009 152.532 591.595 430.471 603.829 704.611 505.107 410.122 38.0789 610.912 726.632 614.135 368.023 290.264 418.971 459.57 467.064 544.301 547.771 243.249 400.884 258.861 479.009 606.889 319.269 649.233 371.594 775.47 443.961 724.503 533.113 350.291 317.405 352.427 171.026 549.569 421.304 39.0512 635.897 603.603 424.44 415.313 681.091 133.735 527.115 505.831 423.548 271.901 535.076 249.435 579.421 563.962 706.229 400.824 638.154 270.985 409.826 415.308 364.198 261.706 660.164 203.571 214.357 64.4981 702.957 622.374 358.353 238.883 517.731 436.767 586.205 343.001 
272.947 230.083 369.131 225.391 417.049 463.642 285.804 362.315 282.214 463.027 408.431 130 481.877 458.001 0 359.324 122.442 330.48 51.1566 269.258 358.408 351.65 382.027 29 198.595 291.139 71.6938 486.477 31.305 444.802 101.213 193.582 368.766 124.085 208.406 192.003 344.942 147.557 309.919 352.643 298.436 290.167 121.84 306 357.144 279.973 353.836 206.693 266.721 267.47 321.044 278.657 276.702 168.609 379.807 240.751 272.342 259.062 471.502 330.927 366.049 404.401 185.97 401.721 214 621.534 468.386 174.453 416.707 233.094 298.6 301.728 238.516 265.801 266.811 360.212 131.21 527.755 77.4661 265.364 116.211 281.768 409.06 194.373 572.598 441.352 130 389.102 75.6637 543.261 371.345 209.538 305.36 94.6414 59.5483 457.581 263.765 153.212 276.091 54.4059 315.991 490.653 147.122 148.297 384.169 207.183 171.747 362.548 376.431 113.719 320.351 382.472 180.624 383.635 446.426 46.2385 364.677 246.862 216.095 301.851 464.657 394.103 320.315 326.218 547.644 404.742 189.526 361.359 307.878 274.053 
87.5557 190.683 176.409 320.601 86.093 563.895 333.985 220.368 632.093 470.986 103.276 470.415 437.759 464.634 359.324 0 244.233 221.578 310.942 259.835 284.271 348.023 375.181 372.211 420.345 273.642 287.642 151.717 390.541 229.401 263.321 478.213 299.817 235.281 272.156 492.659 348.421 416.203 91.3017 368.859 76.4853 390.637 282.214 374.339 40.5216 234.566 367.829 413.27 471.51 162.856 434.079 614.625 450.131 256.439 442.661 593.334 625.348 465.387 254.692 446.508 144.81 72.5672 333.402 274.711 563.413 341.563 445.458 366.191 296.771 291.186 103.788 530.7 551.177 591.053 594.786 90.2497 487.026 346.175 389.293 228.123 470.919 640.691 175.191 495.481 304.258 353.001 470.415 313.27 385.265 283.346 604.05 488.037 316.76 424.213 390 435.966 291.359 393.151 584.342 314.455 672.619 575.898 506.396 246.759 60.0333 407.442 251.311 218.332 124.652 373.484 671.804 80.604 469.392 205.119 131.795 361.889 107.355 239.008 537.901 462.329 306.229 429.005 672.764 212.603 282.857 244.233 215.188 31.0161 179.201 137.641 
156.678 113.146 250.46 164.149 311.362 435.491 285.328 250.008 387.883 399.962 308.415 226.318 403.521 394.123 122.442 244.233 0 220.438 84.9058 174.046 260.231 273.792 306.778 129.711 265.932 263.154 56.6039 364.642 153.219 327.758 21.2603 291.002 273.24 32.45 124.197 296.515 268.628 184.816 187.771 281.902 178.101 245.465 120.354 249.231 248.805 175.935 282.446 267.541 274.117 147.635 286.505 372.293 267.47 76.4003 329.989 349.172 381.18 266.58 355.373 298.719 282.177 283.556 210.107 352.8 319.18 501.63 395.577 221.002 372.007 223.618 176.233 325.969 313.844 351.001 354.09 262.498 253.645 419.243 145.88 160.031 227.669 398.83 288.766 299.207 453.207 410.122 226.318 356.393 173.773 424.223 401.439 259.28 225.577 206.816 145.774 384.401 248.685 222.805 349.185 71.5542 437.943 457.948 266.242 113.596 263.412 204.247 144.059 249.882 285.944 186.815 442.774 260.548 279.029 267.686 324.099 117.72 242.25 145.674 330.08 288.531 357.337 334.887 442.757 268.794 428.208 293.08 135.882 242.528 240.01 152.03 
187.459 109.238 68.0074 156 306.42 347.052 467.017 33.3017 538.912 249.634 324.655 387.981 222.036 243.261 330.48 221.578 220.438 0 303.849 76.922 63.4114 128.503 153.838 325.263 483.538 423.123 275.944 237.539 357.23 121.828 239.176 511.258 79.404 241.35 133.304 515.798 130.146 299.58 134.466 150.712 160.863 195.064 331.593 170.426 256.844 53.9073 149.375 483.451 301.179 88.955 233.071 504.239 270.254 162.542 226.433 509.009 538.814 297.321 145.041 244.135 350.584 195.256 416.646 469.128 476.807 302.417 226.226 435 491.498 408.032 126.194 360.212 428.043 472.712 478.524 301.728 455 198.882 312.57 66.0681 407.316 573.245 109.33 518.436 252.606 543.225 387.981 494.745 392.635 222.8 425.265 354.154 108.046 422.67 325.301 216.206 423.85 441.956 452.726 276.349 628.733 356.585 454.394 310.852 184.838 255.033 335.037 34.2053 337.053 407.029 641.249 163.719 499.151 62.6498 192.044 304.429 126.143 86.3134 545.894 274.002 136.971 209.246 640.07 390.16 228.659 74.3303 308.585 194.445 353.231 106.892 
225.63 197.851 335.316 221.531 366.476 477.834 251.191 334.145 333.338 462.404 357.414 179.201 474.105 456.968 51.1566 310.942 84.9058 303.849 0 250.833 339.324 343.052 375.012 73.7564 192.44 248.574 28.3019 442.404 81.0247 412.662 64.846 207.762 351.251 77.4209 193.747 212.047 337.001 178.55 267.262 347.416 253.308 295.219 78.6003 306.276 307.104 256.815 348.323 197 291.446 232.433 330.893 328.568 295.495 148.297 384.213 291.908 323.489 283.641 440.247 341.892 315.159 359.184 157.436 355.709 265.03 586.055 463.243 155.939 371.68 194.263 256.844 333.084 284.34 314.129 315.558 309.147 176.298 502.699 114.612 241.282 167.362 331.726 373.209 214.709 537.82 399.686 179.201 346.625 89.0056 508.932 405.554 247.396 295.205 122.287 102.181 452.187 224.109 147.054 321.753 44.2832 362.012 503.239 196.84 99.6243 338.941 226.102 125.674 334.105 325.301 108.116 363.412 338.904 195.479 352.507 403.833 78.3901 323.883 224.878 245.284 319.651 440.324 394.588 363.886 278.059 512.821 377.154 139.832 314.708 258.132 235.478 
200.998 86.8217 140.918 79.3788 345.731 307.35 446.972 109.417 462.65 237.474 358.491 314.006 231.311 231.225 269.258 259.835 174.046 76.922 250.833 0 89.1964 106.104 139.086 259.887 439.477 411.779 224.589 306.529 293.394 198.114 189.061 457.683 100.439 201.487 61.9112 459.527 102.883 223.323 168.671 120.652 186.987 131.898 293.334 114.612 288.534 28.0179 120.416 441.5 228.561 98.1835 174.554 427.376 200.16 102.611 187.491 433.545 463.001 224.083 219.804 186.85 369.177 251.873 382.341 475.689 401.368 378.16 226.241 395.011 497.438 385.659 156.083 288.34 351.127 395.79 401.607 326.884 387.964 261.008 241.456 31.9061 335.716 498.992 184.201 462.04 328.434 545.061 314.006 493.66 337.231 298.719 356.507 277.319 62.0081 363.534 256.02 215.128 406.044 395.568 376.066 216.933 557.001 322.552 383.725 279.807 237.457 178.676 307.729 110.639 360.555 358.095 571.424 219.966 445.112 139.556 260.377 237.777 184.09 30.6757 485.177 207.639 197.752 180.602 569.914 392.451 304.818 146 287.785 238.076 356.776 123.713 
249.648 157.918 118.533 152.069 368.481 290.799 522.169 69.857 537.372 186.724 387.495 395.904 159.678 180.38 358.408 284.271 260.231 63.4114 339.324 89.1964 0 74.1485 93.5361 348.421 526.156 481.176 312.621 283.782 382.188 139.589 276.557 546.584 16.1245 285.449 150.376 548.676 78.3135 300.521 197.874 97.4936 224.143 162.361 377.339 132.981 320.062 85.0235 95.7079 527.471 276.702 147.472 192.938 497.54 242.231 191.481 172.699 511.38 539.557 274.308 153.056 202.299 413.879 252.8 465.004 531.417 479.471 309.511 162.865 480.135 553.73 462.031 189.489 332.758 419.087 464.011 470.425 365.137 475.554 175.411 327.287 101.045 420.472 579.349 150.659 551.196 261.169 604.847 395.904 555.698 426.241 232.691 391.435 344.201 76.4788 452.726 343.001 152.801 479.704 482.86 439.456 306.111 640.795 297.893 469.094 360.355 244.381 243.559 386.498 72.0902 400.465 445.982 656.942 222.191 534.061 98.9545 240.416 326.021 185 114.756 574.231 240.47 113.146 151.397 655.172 451.542 239.821 80.895 362.668 256.445 414.73 168.158 
301.281 192.354 191.039 127.094 433.631 218.71 552.226 143.003 493.037 131.529 450.309 364.299 131.061 125.24 351.65 348.023 273.792 128.503 343.052 106.104 74.1485 0 33.2415 336.174 535.046 517.873 319.127 357.83 370.872 211.152 285.927 544.779 65.0077 303.402 150.403 543.545 7.81025 265 258.147 23.3452 281.443 101.257 394.143 70.214 381.274 121.017 21.587 538.45 216.781 196.026 123.227 448.807 180.472 198.013 98.9798 471.344 497.454 215.78 220.952 131.214 469.138 323.36 483.848 579.94 440.284 372.216 121.824 493.623 601.878 490.694 247.685 268.972 369.567 413.918 420.792 423.558 456.344 221.606 305.949 133.776 394.011 542.2 224.758 545.869 325.682 650.355 364.299 599.288 424.609 298.565 322.572 295.601 48.2597 445.795 324.45 110.644 511.713 490.004 385.601 304.03 609.288 228.267 443.203 383.471 313.337 198.073 412.132 145.207 458.26 451.134 629.299 292.043 531.896 173.003 314.162 312.877 254.49 136.693 562.808 174.184 166.517 81.0247 626.881 497.369 306.111 153.003 393.449 322.047 461.33 220.239 
332.002 224.956 211.983 156.697 460.245 198.275 585.455 163.233 510.882 99.3227 478.014 388.182 99.8499 92.9624 382.027 375.181 306.778 153.838 375.012 139.086 93.5361 33.2415 0 365.571 567.226 550.848 351.461 374.813 400.281 221.305 318.611 575.459 80.2309 336.535 183.096 573.636 38.2099 288.461 286.4 31.305 310.71 116.516 427.13 87.367 409.518 152.643 29.5466 570.842 228.037 226.815 127.264 464.634 191.167 230.829 85.0059 491.272 516.33 228.127 227.035 132.424 499.349 346.308 516.871 611.658 460.744 371.809 88.8144 526.286 633.672 523.931 276.552 275.944 385.519 429.214 436.299 452.816 483.513 213.86 333.422 166.003 419.395 563.038 241.919 575.918 327.182 682.564 388.182 631.706 455.588 301.533 323.289 312.815 81.2158 475.79 352.49 77.6466 544.894 522.047 398.87 335.382 632.083 204.384 468.504 416.688 337.557 218.586 445.372 165.469 487.755 483.004 653.387 315.572 562.539 190.906 332.519 342.229 278.255 169.729 591.562 180.624 164.976 58.9406 650.757 529.431 309.343 165.327 426.625 348.283 493.244 250.503 
284.951 229.941 368.42 209.122 433.849 438.458 314.721 357.8 262.835 443.289 426.878 105.683 465.283 438.456 29 372.211 129.711 325.263 73.7564 259.887 348.421 336.174 365.571 0 224.698 318.944 87.367 493.794 34.7131 442.432 109.385 213.084 357.817 138.08 198.116 208.777 329.196 119.365 316.792 335.538 307.8 269.046 148.977 286.77 372.828 273.207 336.858 233.497 239.259 268.673 297.836 255.227 250.769 162.8 358.357 222.445 254.38 231.664 468.386 307.262 387.872 413.228 214.965 428.412 194.034 620.97 450.62 202.852 443.822 261.553 304.764 273.029 211.322 240.377 241.812 379.036 129.958 520.356 48.8262 259.37 98.7623 269.18 409.591 210.95 571.638 469.473 105.683 417.005 99.93 542.059 342.383 180.546 291.084 111.113 30.6105 439.974 292.139 179.847 248.847 58.1808 310.221 465.911 136.858 173.22 393.102 181.731 198.157 358.209 397.005 140.943 318.201 389.718 200.09 380.932 452.435 23.3452 369.481 239.921 227.059 276.089 457.083 374.192 317.586 351.643 546.795 399.546 213.581 372.001 331.843 277.838 
353.638 374.318 501.767 413.842 442.143 662.205 158.202 510.819 388.645 654.646 420.837 290.689 666.007 649.262 198.595 420.345 265.932 483.538 192.44 439.477 526.156 535.046 567.226 224.698 0 205.645 216.009 570 196.825 580.056 250.511 79.1581 539.129 242.217 385.021 103 529.136 343.087 412.807 539.834 389.718 485.416 153.379 498.128 398.818 441.662 540.725 15.2971 463.625 401.721 518.541 411.351 475.197 338.25 574.941 347.817 371.68 456.098 608.738 528.788 352.602 485.687 88.7299 318.277 335.601 741.189 655.598 54.2033 323.489 148.933 406.588 493.234 401.659 413.437 411.364 376.225 199.72 680.686 272.531 425.688 255.267 347.023 533.376 105.019 695.889 323.048 290.689 282.177 125.24 668.824 557.897 395.224 487.004 132.322 251.813 644.525 170.141 45.8912 437.074 234.196 331.545 689.06 244.076 181.571 466.881 405.765 169.614 510.366 373.872 85.9069 311.411 474.987 79.404 523.687 540.296 244.79 471.895 411.579 155.206 500.402 620.189 586.56 315.192 276.279 671.346 553.599 205.602 436.426 281.775 396.536 
243.347 326.546 412.698 424.623 264.038 697.741 64.2028 440.13 555.673 649.015 237.002 419.154 639.1 642.816 291.139 273.642 263.154 423.123 248.574 411.779 481.176 517.873 550.848 318.944 205.645 0 250.348 422.651 311.04 484.051 263.139 283.323 496.84 230.853 378.847 305.747 514.374 425.837 308.104 530.97 279.016 507.043 170.309 507.293 239.821 400.716 531.024 192.271 532.062 334.464 549.058 563.535 529.235 334.211 588.093 512.934 541.69 524.314 512.191 561.421 161.722 346.113 129.016 117.209 492.205 615.072 637.057 164.779 128.098 63.2851 308.785 578.642 529.592 554.862 555.131 201.358 368.274 598.302 363.072 386.005 396.249 530.665 430.298 308.099 576.4 151.162 419.154 98.1122 256.743 553.719 652.452 495.94 472.001 289.505 349.085 626.062 35.6931 206.475 567.168 287.002 529.513 719.184 406.553 154.383 331.475 463.181 124.471 438.841 186.639 216.449 513.507 347.541 280.672 440.393 405.278 326.907 359.673 381.184 358.32 551.09 546.48 588.582 516.763 76.4199 554.032 477.73 127.883 299.282 97.4936 317.164 
201.296 169.594 307.028 200.242 346.771 462.42 260 306.052 350.179 440.756 339.511 192.042 450.028 435.188 71.6938 287.642 56.6039 275.944 28.3019 224.589 312.621 319.127 351.461 87.367 216.009 250.348 0 416.173 102.956 384.361 36.7696 235.376 324.863 52.3927 169.012 240.169 313.313 176.173 240.354 324.581 227.482 276.74 85.703 285.727 286.196 229.532 325.386 219.386 282.97 204.157 314.25 341.423 283.648 122.495 364.841 309.588 341.459 275.174 411.954 325.682 301.921 333.479 172.154 352.477 281.397 557.897 440.024 175.756 369.628 200.562 229.63 328.299 291.77 324.423 326.46 291.686 201.405 474.823 119.369 213.883 185.335 353.244 345.036 242.844 509.605 401.203 192.042 347.615 117.239 480.688 402.2 248.214 271.03 150.416 111.544 428.915 229.12 171.353 328.722 37.5766 386.908 486.966 218.762 96.5194 313.232 215.372 125.877 305.989 310.161 133.507 389.606 312.405 223.215 324.228 377.004 84.3445 296.468 197.952 273.542 307.028 412.575 373.605 389.895 272.077 484.605 349.085 132.62 289.883 249.04 207.531 
220.635 274.521 169.664 383.532 177.003 573.055 484.314 215.379 742.418 454.913 208.01 581.997 403.887 449.165 486.477 151.717 364.642 237.539 442.404 306.529 283.782 357.83 374.813 493.794 570 422.651 416.173 0 517.571 163.135 385.632 624.309 295.053 365 345.377 637.151 361.448 510.33 177.003 381.147 189.283 432.51 426.597 407.774 182.833 278.649 379.415 563.569 535.081 235.287 470.354 716.582 506.099 349.521 456.453 706.884 738.481 530.51 174.316 481.154 276.904 84.8999 484.022 404.969 675.444 200.022 420.12 515.8 425.47 442.883 189.235 594.861 645.515 688.6 693.467 225.391 617.417 259.417 500.289 281.187 590.008 761.775 133.154 639.979 172.792 482.415 581.997 450.018 523.894 161.186 662.001 575.196 345.394 561.698 505.808 413.241 442.285 540.483 674.58 435.95 802.433 577.249 630.632 392.474 104.661 481.565 400.406 213.235 251.794 517.672 805.725 104.101 614.772 184.835 46.1736 479.118 128.736 299.708 679.93 511.22 245.801 433.706 806.063 356.295 157.487 210.95 364.401 133.686 326.038 219.155 
304.237 259.048 398.038 243.83 447.493 469.553 300.093 389.466 254.018 477.554 438.292 108.259 499.985 472.772 31.305 390.541 153.219 357.23 81.0247 293.394 382.188 370.872 400.281 34.7131 196.825 311.04 102.956 517.571 0 473.051 132.061 179.471 391.847 155.348 231.812 174.347 363.902 146.7 340.896 370.228 329.685 303.007 144.931 321.223 387.923 305.786 371.553 206.828 267.402 296.985 330.752 253.949 281.368 194.733 392.103 212.059 243.347 259.979 499.418 339.86 394.081 435.633 198.215 423.934 186.526 650.61 485.239 181.069 438.001 250.912 329.451 296.816 220.204 243.824 244.18 389.96 100.658 553.343 76.922 291.606 88.278 250.857 438.463 176.479 601.502 459.778 108.259 408.377 71.8679 572.057 363.418 200.385 325.682 77.026 55.6597 474.611 281.78 153.395 257.624 83.4506 284.861 497.425 116.056 174.413 415.406 213.178 195.533 389.791 405.265 116.516 289.933 413.532 166.508 411.694 477.313 58.0517 395.294 272.523 192.595 306.819 490.112 408.442 289.748 350.705 576.585 431.56 216.231 392.663 334.175 304.357 
241.828 215.232 78.3901 276.062 298.357 417.173 536.974 88.7525 660.648 293.586 324.84 509.475 240.786 288.045 444.802 229.401 327.758 121.828 412.662 198.114 139.589 211.152 221.305 442.432 580.056 484.051 384.361 163.135 473.051 0 348.128 616.76 146.168 342.567 254.88 623.777 216.453 421.296 176.638 234.034 205.244 301.317 426.755 272.443 269.92 175.602 232.019 577.786 414.074 180.768 332.415 625.259 380.569 280.189 305.866 630.825 660.64 411.108 28.8617 341.503 374.066 169.118 504.67 503.171 598.623 180.693 257.62 528.433 525.422 483.098 178.373 471.272 548.417 593.236 599.204 319.64 572.371 116.927 433.029 186.454 527.731 694.737 54.7449 626.503 130.874 581.107 509.475 538.677 501.462 101.045 531.01 474.052 213.476 534.183 444.775 251.199 492.793 541.639 571.805 390.406 748.866 418.68 574.171 400.056 171.956 373.957 419.109 87.6584 353.883 509.868 760.07 149.272 605.239 61.5549 129.402 422.574 125.897 207.171 657.634 379.886 84.1487 279.732 759.129 434.77 106.832 58.6941 387.351 198.487 398.72 183.521 
175.864 133.094 271.09 171.082 328.283 439.09 280.585 269.318 369.287 409.91 324.006 208.173 416.434 404.199 101.213 263.321 21.2603 239.176 64.846 189.061 276.557 285.927 318.611 109.385 250.511 263.139 36.7696 385.632 132.061 348.128 0 272.121 289.067 36.4005 135.532 276.877 280.401 173.692 208.849 292.638 198.565 250.529 110.368 256.78 266.18 193.062 293.319 253.002 269.904 168.404 290.126 355.407 266.113 88.0511 336.964 330.092 362.108 262.231 375.588 302.035 293.973 304.237 199.882 357.782 300.466 522.568 407.383 207.697 376.294 219.429 197.408 319.531 299.296 335.252 338.053 277.354 232.422 438.056 129.016 177.341 207.791 378.556 309.726 279.544 474.052 412.083 208.173 358.268 153.847 445 394.645 247.923 237.683 186.132 127.098 396.232 246.008 206.519 335.216 51.264 416.857 462.489 245.546 110 284.06 200.472 140.801 269.268 299.252 169.446 421.527 281.555 259.979 287.785 345.259 98.8433 263.501 161.805 309.524 288.212 375.832 343.722 421.523 274.754 449.055 312.34 138.058 262.618 247.873 173.254 
404.25 403.911 538.591 418.914 508.665 647.186 237.356 541.001 323.13 656.076 489.459 250.89 675.29 651.151 193.582 478.213 291.002 511.258 207.762 457.683 546.584 544.779 575.459 213.084 79.1581 283.323 235.376 624.309 179.471 616.76 272.121 0 558.077 274.235 398.734 24.5153 538.187 322.256 458.484 546.202 438.381 482.126 197.841 499.225 460.871 464.557 547.381 94.0213 441.699 436.039 510.17 352.483 458.94 355.124 571.424 284.431 305.11 434.632 644.884 519.139 424.417 539.416 159.54 397.112 277.218 785.301 661.968 121.852 402.613 224.207 450.444 462.569 355.061 359.755 356.609 443.244 143.84 710.136 255.274 449.043 211.653 274.308 573.847 26.1725 738.326 401.549 250.89 361.311 120.619 710.187 521.081 362.155 497.989 102.591 233.932 651.161 247.649 86.0233 388.021 241.615 253.14 675.563 187.864 231.97 519.865 391.879 228.484 540.856 444.299 107.898 232.261 525.236 13 557.754 591.163 236.008 517.429 432.459 76.0592 484.434 647.951 587.031 236.076 351.682 713.442 584.077 264.14 490.936 353.838 435.129 
265.767 172.818 132.098 157.433 383.763 278.352 537.386 83.3547 540.46 171.33 403.073 401.696 143.6 165.012 368.766 299.817 273.24 79.404 351.251 100.439 16.1245 65.0077 80.2309 357.817 539.129 496.84 324.863 295.053 391.847 146.168 289.067 558.077 0 299.107 160.365 559.658 70.3491 305.125 213.827 88.0511 240.208 159.327 391.082 129.027 335.839 99.1817 86.093 540.712 274.765 163.414 186.936 499.418 239.55 203.049 161.805 515.493 543.207 272.809 156.952 195.604 429.944 266.908 479.104 547.533 483.735 311.077 146.823 493.633 569.843 477.092 205.548 329.612 420.621 465.465 472.017 381.084 484.004 170.414 334.94 115.109 427.398 584.23 161.969 562.15 263.486 620.919 401.696 571.71 437.576 235.637 386.167 345.801 77.4661 463.276 351.241 136.821 495.047 495.55 439.793 317.043 647.001 284.45 476.236 374.769 259.017 245.506 401.204 85.5862 416.432 458.345 663.977 236.603 545.484 110.725 252.389 335.181 199.612 127.566 584.213 236.123 109.809 138.842 662.071 467.6 243.002 88.0227 377.809 271.765 430.8 184.253 
148.933 132.185 264.358 196.331 295.995 467.937 253.19 269.164 400.52 430.763 290.209 240.601 432.261 424.86 124.085 235.281 32.45 241.35 77.4209 201.487 285.449 303.402 336.535 138.08 242.217 230.853 52.3927 365 155.348 342.567 36.4005 274.235 299.107 0 154.984 282.096 298.51 210.09 190.318 312.416 175.889 277.849 92 281.149 234.753 200.489 312.879 242.539 304.613 161.966 318.955 389.021 299.127 107.564 361.997 360.472 392.43 297.002 370.779 331.168 257.932 281.789 180.898 322.368 331.64 512.431 425.215 194.743 341.204 191.416 180.347 355.208 334.755 369.915 372.485 243.002 253.308 439.072 163.371 184.459 236.719 405.487 300.122 284.861 464.844 378.356 240.601 324.581 161.839 436.406 430.465 284.297 255.351 197.99 159.314 414.035 216.261 200.861 370.919 82.1523 438.959 490.34 271.116 81.5414 261.543 234.887 111.803 268.812 263.828 167.431 440.829 261.599 262.835 284.016 326.712 131.137 247.633 172.047 319.453 320.495 378.128 366.27 441.281 238.925 439.892 312.13 103.947 237.674 211.57 161.419 
198.215 81.4923 189.623 50.774 355.186 321.386 407.241 166.604 407.141 275.835 362.857 254.678 281.087 269.967 208.406 272.156 124.197 133.304 193.747 61.9112 150.376 150.403 183.096 198.116 385.021 378.847 169.012 345.377 231.812 254.88 135.532 398.734 160.365 154.984 0 399.592 144.886 168.6 185.874 157.709 195.727 131.529 244.369 128.472 293.9 79.3977 158.269 388.156 199.462 114.004 175.568 375.171 178.732 47.8539 209.251 376.191 406.321 193.499 278.289 188.351 360.573 280.145 334.186 454.96 343.996 435.571 271.89 343.227 475.857 345.398 171.945 258.954 301.378 345.272 350.595 325.149 326.057 322.893 180.161 69.1158 274.722 439.945 233.446 402.057 385.751 519.659 254.678 466.807 278.115 355.924 331.904 229.924 102.176 302.952 194.25 260.732 368.582 340.248 329.371 157.178 496.166 341.217 322.397 236.248 263.008 138.014 265.932 167.475 356.237 301.803 509.927 249.58 386.028 194.25 299.588 175.901 217.518 48.3735 423.946 193.197 259.625 211.514 508.505 370.239 361.62 205.828 251.478 256.135 336.586 136.719 
416.621 409.66 545.909 416.941 526.077 638.045 261.123 546.191 300.629 651.887 507.694 236.578 673.466 647.117 192.003 492.659 296.515 515.798 212.047 459.527 548.676 543.545 573.636 208.777 103 305.747 240.169 637.151 174.347 623.777 276.877 24.5153 559.658 282.096 399.592 0 536.77 313.107 468.991 543.921 449.948 477.177 210.794 495.537 476.807 467.823 545.183 118.038 431.283 443.054 503.526 331.64 450.152 357.351 566.004 262.606 282.392 424.396 651.642 512.064 444.015 552.273 180.25 420.23 256.844 794.38 659.28 142.636 426.129 245.752 460.405 449.419 337.717 340.331 336.893 460.99 126.052 714.57 248.202 452.545 196.698 250.284 582.217 2.82843 746.931 425.795 236.578 385.13 123.167 718.493 505.903 348.851 497.363 97.8673 227.079 648.587 270.054 104.216 369.801 242.621 228.79 666.802 169.027 245.904 532.531 384.253 244.904 546.145 463.315 119.503 208.614 536.973 25.2982 564.118 602.914 232.045 527.644 435.295 52.6118 475.602 652.007 582.773 212.285 372.903 721.984 589.2 280.045 504.207 373.7 443.497 
299.908 189.528 193.879 120.075 434.195 216.945 548.034 146.25 485.242 134.659 450.405 356.602 137.295 128.445 344.942 348.421 268.628 130.146 337.001 102.883 78.3135 7.81025 38.2099 329.196 529.136 514.374 313.313 361.448 363.902 216.453 280.401 538.187 70.3491 298.51 144.886 536.77 0 257.266 258.157 20.5913 280.922 93.7443 388.973 62.6817 381.168 119.331 19.4165 532.685 209.402 194.743 116.927 441.073 173.185 192.629 96.3846 463.534 489.646 208.312 226.921 125.3 467.98 325.332 478.732 577.759 432.478 378.917 127.012 488.079 599.633 486.428 247.413 261.964 361.836 406.208 413.073 422.935 448.973 229.094 298.6 131.488 386.43 534.401 228.528 539.083 332.175 647.751 356.602 596.487 418.115 304.884 316.304 287.835 43.1741 438.985 317.196 115.849 507.745 484.009 378.001 297.673 601.549 227.502 435.619 378.847 314.892 190.263 407.686 148.432 457.499 445.04 621.632 293.861 525.29 176.74 317.479 305.884 256.285 133.282 555.714 167.371 173.566 80.8084 619.2 494.923 312.386 158.079 389.514 322.845 459.019 219.244 
331.097 236.485 358.219 148.553 490.98 325.037 429.219 332.543 239.353 349.807 490.931 99.7447 384.021 345.861 147.557 416.203 184.816 299.58 178.55 223.323 300.521 265 288.461 119.365 343.087 425.837 176.173 510.33 146.7 421.296 173.692 322.256 305.125 210.09 168.6 313.107 257.266 0 340.801 257.158 342.148 176.46 256.971 201.854 427.791 246.272 258.961 352.439 120.702 275.138 194.139 206.865 137.058 162.432 260.1 211.021 239.885 113.296 443.041 201.301 466.889 439.109 332.015 528.285 179.011 601.482 364.947 322.008 545.712 372.808 327.006 154.987 135.96 178.306 183.142 446.179 203.089 475.43 70.7107 237.531 133.154 279.116 402.046 314.814 551.755 576.938 99.7447 523.489 217.849 522.031 227.02 74.4648 228.81 220.495 91.2853 355.242 402.548 298.779 168.146 138.957 344.292 353.696 181.532 272.663 420.387 74.1485 301.559 333.662 470.635 260.225 364.927 410.444 309.561 361.697 465.202 102.942 381.602 216.91 318.101 162.496 413.658 281.887 362.305 446.767 528.08 368.816 307.826 407.172 421.236 293.411 
65.192 106.019 105.224 232.398 177.37 472.883 360.336 140.036 567.737 383.693 192.255 406.51 355.338 377.302 309.919 91.3017 187.771 134.466 267.262 168.671 197.874 258.147 286.4 316.792 412.807 308.104 240.354 177.003 340.896 176.638 208.849 458.484 213.827 190.318 185.874 468.991 258.157 340.801 0 278.469 29.4279 299.902 261.926 283.087 123.167 143.265 277.521 408.872 384.949 73.0068 343.105 544.738 361.732 178.373 351.712 531.275 563.038 379.179 205.183 355.473 216.781 98.7623 332.778 338.895 500.13 328.416 360.601 359.6 361.365 306.967 14 444.668 476.76 518.536 522.917 167.263 441.056 290.209 324.6 137.084 413.228 584.976 124.338 471.802 283.29 414.895 406.51 368.915 351.518 256.821 516.896 409.766 225.568 388.254 329.248 350.648 316.155 378.005 508.047 258.971 625.703 485.405 453.631 231.244 79.6241 323.396 246.619 138.293 202.608 350.625 629.833 72.9452 448.001 133.754 136.653 302.318 59.1692 149.04 508.882 372.8 240.067 338.923 630 263.879 258.936 172.447 213.153 70.6116 227.035 49.163 
