0 312 750 1062 2062.95 1481.43 1000.02 252.634 5440.58 5736.21 6328.71 6625.46 6922.5 6464.45 6563.04 5497.74 5613.33 4456.04 4278.26 3929.11 3758.34 2563 2728.36 2329.28 2133.2 2317.47 1300.02 1600.02 1900.01 2191.95 1937.69 1698.43 2728.49 2456.55 2200.01 2400.01 2747.83 2534.87 2905.85 3093.37 4163.71 4281.19 4440.87 4603.71 4769.38 5890.67 6164.75 6441.15 6719.56 6999.77 7281.55 5892.81 5996.87 5085.4 3481.77 3821.51 4194.97 4048.12 3146.59 3892.43 3524.87 4033.06 5532.14 5670.78 5255.28 4998.04 5963.51 5810.3 5950.63 6091.73 6233.54 6376.01 6519.1 6662.77 6806.98 6951.71 7096.91 7242.56 7388.63 7535.1 6796.8 6849.02 6219.54 6819.7 7426.89 7626.74 7683.42 8255.23 8924.4 8200.41 8469.27 7681.94 7829.14 7976.67 8124.52 8272.67 8421.11 8569.81 8718.76 8867.96 9211.99 9520.91 9659.86 10439.3 11297.8 11206.3 11116.2 11027.5 10940.4 10854.8 10770.7 10688.3 10607.6 10528.5 9160.23 9177.86 9198.1 9220.93 9246.34 9274.31 9304.8 9337.8 9373.29 9411.22 
312 0 438 750 1794.06 1268.84 1049.65 553.115 5748.05 6044.13 6637.34 6934.38 7231.67 6768.05 6862.28 5798.14 5907.86 4736.92 4556.41 4200.67 4025.92 2811.24 2962.78 2526.91 2347.39 2472.24 1338.57 1631.49 1926.59 2054.25 1780.44 1516.56 2619.15 2334.52 2223.01 2421.11 2917.24 2717.58 3126.99 3301.98 4410.28 4531.7 4696.15 4863.28 5032.8 6175.76 6452.24 6730.74 7011.01 7292.85 7576.08 6156.31 6257.23 5330.31 3599.68 3925.26 4293.33 4093.18 3125.5 3875.4 3501.6 3957.94 5394.4 5536.49 5167.75 4920.22 5926.14 5679.3 5822.8 5966.92 6111.62 6256.87 6402.62 6548.85 6695.52 6842.6 6990.06 7137.89 7286.06 7434.55 6751.34 6818.8 6190.02 6803.12 7570.97 7791.18 7852.63 8449.96 9113.38 8350.76 8574.09 7583.35 7732.42 7881.77 8031.36 8181.2 8331.26 8481.54 8632.02 8782.69 9303.42 9657.17 9820.44 10628.5 11485.1 11390.8 11297.8 11206.3 11116.2 11027.5 10940.4 10854.8 10770.7 10688.3 9132.88 9145.23 9160.23 9177.86 9198.1 9220.93 9246.34 9274.31 9304.8 9337.8 
750 438 0 312 1446.12 1057.19 1254.21 987.079 6180.45 6477.05 7071.11 7368.5 7666.09 7195.46 7284.16 6221.79 6324.16 5137.3 4953.69 4590.58 4411.42 3178.75 3313.53 2839.2 2680.68 2735.17 1504.34 1770.04 2045.25 1930.71 1636.35 1344.49 2523.42 2226.58 2326.6 2516.55 3191.56 3010.16 3461.13 3620.01 4769.38 4895.31 5065.26 5237.33 5411.33 6580.12 6859.46 7140.47 7422.97 7706.8 7991.81 6533.43 6630.27 5685.22 3802.4 4106.63 4464.67 4194.97 3148.26 3893.78 3515.71 3892.43 5226.39 5372.92 5074.78 4842.88 5901.18 5519.97 5667.5 5815.47 5963.85 6112.61 6261.72 6411.16 6560.91 6710.94 6861.24 7011.78 7162.56 7313.56 6711.52 6800.34 6175 6803.96 7789.85 8036.8 8104.5 8734.81 9389.77 8576.55 8737.93 7464.77 7616.16 7767.74 7919.49 8071.41 8223.47 8375.69 8528.03 8680.51 9447.68 9861.95 10057.9 10903.6 11757 11659 11562.3 11466.9 11372.8 11280.1 11188.8 11099 11010.6 10923.8 9112.37 9117.27 9124.83 9135.05 9147.91 9163.42 9181.55 9202.29 9225.62 9251.52 
1062 750 312 0 1233.76 1000.48 1463.82 1297.86 6488.92 6785.83 7380.4 7678 7975.78 7500.66 7585.8 6524.72 6622.41 5426.04 5240.64 4873.31 4691.65 3450.59 3575.13 3080.38 2934.92 2947.96 1683.08 1924.26 2180.08 1900.25 1600.3 1300.37 2500.19 2200.22 2445.97 2627.31 3407.9 3238.64 3712.35 3860.9 5032.8 5161.37 5334.54 5509.53 5686.17 6870.67 7151.75 7434.3 7718.18 8003.23 8289.33 6806.52 6900.65 5944.8 3970.03 4258.65 4608.27 4293.33 3201.13 3936.66 3558.75 3875.4 5126.21 5275.53 5030.82 4811.4 5903.19 5425.22 5575.25 5725.61 5876.26 6027.18 6178.36 6329.77 6481.39 6633.22 6785.24 6937.44 7089.8 7242.31 6700.49 6804.38 6183.23 6821.73 7956.8 8221.52 8293.36 8945.27 9594 8747.21 8866 7394.97 7547.77 7700.7 7853.74 8006.91 8160.17 8313.54 8467.01 8620.57 9561.36 10017 10235.1 11106 11956.7 11856.2 11757 11659 11562.3 11466.9 11372.8 11280.1 11188.8 11099 9110.59 9110.15 9112.37 9117.27 9124.83 9135.05 9147.91 9163.42 9181.55 9202.29 
2062.95 1794.06 1446.12 1233.76 0 725.431 1825.17 2228.93 7175.04 7475.04 8075.04 8375.04 8675.04 8118.65 8152.65 7121.27 7160 5889.87 5693.03 5300.06 5103.98 3855.19 3905.12 3324.15 3265.35 3054.91 1853.71 1929.05 2046.03 1175.27 957.209 794.512 1688.56 1423.46 2198.01 2315.44 3492.85 3400.37 3970.2 4049.69 5312.72 5455.5 5646.46 5838.02 6030.13 7325.04 7619.14 7913.67 8208.61 8503.9 8799.5 7115.12 7187.53 6174.54 3780.21 3982.23 4278.14 3790.12 2593.26 3242.3 2887.15 2983.29 3996.01 4149.34 4029.97 3848.54 5015.79 4302.87 4456.56 4610.41 4764.4 4918.52 5072.75 5227.09 5381.52 5536.04 5690.64 5845.32 6000.06 6154.87 5764.66 5910.21 5309.96 5968.3 7646.65 7991.01 8081.96 8835.62 9444.87 8443.82 8377.24 6309.73 6464.65 6619.62 6774.64 6929.71 7084.81 7239.95 7395.13 7550.34 9008.68 9630.42 9947.17 10934.5 11765.6 11653.3 11542.2 11432 11323 11215 11108.2 11002.6 10898.2 10795 8180.33 8165.41 8153.44 8144.44 8138.42 8135.39 8135.36 8138.31 8144.25 8153.17 
1481.43 1268.84 1057.19 1000.48 725.431 0 1100 1601.76 6450.19 6750.19 7350.17 7650.16 7950.16 7393.66 7429.71 6396.58 6438.22 5172.58 4976.51 4585.37 4390.4 3137.87 3197.07 2625.12 2552.69 2381.44 1140.18 1253 1421.27 900 600 300 1500 1200 1627.88 1780.45 2831.3 2718.69 3274.33 3368.42 4620.2 4760.91 4949.37 5138.7 5328.81 6610.98 6903.98 7197.57 7491.66 7786.21 8081.15 6422.71 6499.47 5495.57 3217.34 3460.22 3785 3387.66 2245.27 2965 2589.52 2875.11 4169.61 4315.87 4034.31 3811.82 4905.16 4462.8 4610.32 4758.38 4906.94 5055.94 5205.35 5355.14 5505.27 5655.72 5806.47 5957.48 6108.75 6260.25 5700.22 5806.52 5186.82 5828.43 7161.18 7470.11 7553.02 8267.29 8893.29 7957.27 7986.9 6411.96 6563.87 6715.98 6868.25 7020.69 7173.29 7326.02 7478.89 7631.89 8657.08 9187.29 9456.48 10394.5 11234.9 11127.5 11021.3 10916.2 10812.4 10709.9 10608.7 10508.8 10410.3 10313.2 8111.12 8110.03 8111.93 8116.83 8124.73 8135.61 8149.46 8166.27 8186.02 8208.68 
1000.02 1049.65 1254.21 1463.82 1825.17 1100 0 927.699 5350.23 5650.22 6250.2 6550.19 6850.18 6296.92 6339.21 5301.06 5351.23 4098.86 3905.2 3520.03 3328.76 2071.53 2160.15 1629.8 1510.38 1485.35 300 600 900 1421.27 1253 1140.18 1860.11 1627.88 1200 1400 1944.54 1776.58 2272.94 2406.5 3611.27 3745.83 3926.99 4109.9 4294.33 5543.01 5833.1 6124.13 6416 6708.58 7001.79 5404.28 5490.28 4511.79 2560.52 2878.91 3245.19 3054.71 2157.83 2899.35 2535.87 3087.27 4673.4 4804.35 4317.48 4049.69 4977.51 4936.76 5070.51 5205.5 5341.63 5478.82 5617 5756.09 5896.02 6036.74 6178.19 6320.33 6463.11 6606.49 5814.85 5858.38 5229.07 5823.71 6543.13 6783.25 6850.41 7485.19 8137.61 7327.56 7526 6750.42 6894.89 7039.84 7185.25 7331.11 7477.37 7624.01 7771.03 7918.38 8253.79 8622.14 8805.96 9650.97 10503.7 10405.3 10308.2 10212.7 10118.6 10026.1 9935.2 9845.91 9758.3 9672.41 8167.21 8187.11 8209.92 8235.63 8264.2 8295.61 8329.82 8366.8 8406.51 8448.92 
252.634 553.115 987.079 1297.86 2228.93 1601.76 927.699 0 5195.01 5491.19 6084.66 6381.86 6679.31 6215.56 6312.09 5247.2 5361.2 4203.87 4026.47 3678.65 3508.92 2321.23 2492.61 2114.98 1910.01 2130.87 1220.91 1516.78 1814.01 2235.09 2001.41 1787.63 2741.46 2483.07 2112.02 2310.98 2549.14 2328.76 2676.4 2870.21 3921.18 4037.09 4195.01 4356.39 4520.85 5638.1 5912.12 6188.55 6467.08 6747.45 7029.45 5644.08 5749.02 4843.1 3314.08 3662.31 4038.33 3930.09 3083.93 3822.38 3461.57 4009.13 5556.98 5692.27 5237.6 4972.99 5903.39 5828.6 5965.89 6104.08 6243.11 6382.92 6523.47 6664.71 6806.59 6949.07 7092.13 7235.72 7379.81 7524.38 6741.71 6781.78 6152.74 6741.85 7235.89 7423.48 7477.38 8035 8706.97 8005.15 8302.48 7669.39 7814.83 7960.67 8106.89 8253.47 8400.38 8547.62 8695.16 8842.99 9053.62 9333.58 9457.97 10221.3 11080.7 10990.7 10902.1 10815 10729.5 10645.6 10563.3 10482.8 10403.9 10326.8 9088.25 9109.98 9134.34 9161.28 9190.79 9222.85 9257.43 9294.49 9334.02 9375.98 
5440.58 5748.05 6180.45 6488.92 7175.04 6450.19 5350.23 5195.01 0 300 900 1200 1500 1089.15 1325.94 579.871 952.956 1730.07 1892.91 2236.77 2415.19 3441.84 3499.46 4081.21 4031.9 4468.92 5361.44 5389.34 5433.69 6519.59 6482.67 6459.49 6633.63 6570.01 5494.09 5543.01 4222.71 4145.03 3573.69 3663.5 2705.78 2589.64 2440.54 2299.18 2167.08 1500 1529.71 1615.55 1749.29 1920.94 2121.32 2314.36 2457.77 2684.45 4778.73 5014.04 5185.2 5806.14 6124.23 6428.94 6312.93 7105.02 8854.84 8925.52 8065.55 7770.78 7953.18 8998.35 9073.28 9150.25 9229.22 9310.14 9392.94 9477.6 9564.04 9652.24 9742.13 9833.68 9926.84 10021.6 8678.28 8506.06 8031.85 8290.85 6057.43 5784.68 5724.56 5583.07 6225.2 6481.95 7555.01 10117.8 10215.5 10314.7 10415.2 10517.1 10620.3 10724.8 10830.5 10937.4 8381.53 7788.53 7416.87 7476.38 8266.88 8243.31 8222.64 8204.88 8190.06 8178.18 8169.27 8163.33 8160.36 8160.38 10318.2 10414.4 10512 10611.1 10711.5 10813.2 10916.2 11020.4 11125.9 11232.5 
5736.21 6044.13 6477.05 6785.83 7475.04 6750.19 5650.22 5491.19 300 0 600 900 1200 849.264 1137.16 686.477 1021.33 1976.9 2148.98 2505.62 2688.52 3736.48 3789.62 4373.93 4327.96 4759.86 5660.83 5687.27 5729.31 6816.52 6781.22 6759.07 6925.68 6864.77 5786.62 5833.1 4506.25 4433.54 3858.27 3941.61 2947.24 2825.11 2666.69 2514.21 2368.81 1529.71 1500 1529.71 1615.55 1749.29 1920.94 2387.73 2524.01 2855.04 5042.94 5269.31 5429.66 6062.69 6405.56 6697.48 6588.48 7379.45 9124.32 9192.92 8326.35 8032.75 8190.12 9263.65 9336.45 9411.28 9488.07 9566.8 9647.4 9729.84 9814.07 9900.04 9987.7 10077 10167.9 10260.4 8905.2 8726.29 8262 8506.06 6165.43 5867.07 5800.05 5607.19 6234.83 6559.01 7665.38 10354.5 10450 10546.9 10645.2 10745 10846 10948.3 11051.9 11156.7 8486.46 7845.14 7443.12 7447.23 8224.12 8206.14 8191.09 8178.99 8169.85 8163.68 8160.49 8160.28 8163.05 8168.8 10504.5 10603.4 10703.7 10805.3 10908.2 11012.3 11117.7 11224.2 11331.9 11440.7 
6328.71 6637.34 7071.11 7380.4 8075.04 7350.17 6250.2 6084.66 900 600 0 300 600 575.543 950.329 1131.92 1361.3 2505.62 2688.52 3060.74 3249.33 4327.96 4373.93 4961.98 4921.51 5344.74 6259.79 6283.71 6321.79 7411.14 7378.69 7358.33 7511.66 7455.53 6373.77 6416 5079 5014.6 4433.54 4506.25 3457.78 3327.35 3156.14 2988.52 2825.11 1749.29 1615.55 1529.71 1500 1529.71 1615.55 2632.73 2751.48 3252.88 5582.23 5792.72 5933.91 6586.82 6972.89 7241.98 7145.5 7933.87 9668.67 9733.44 8855.4 8564.17 8675.72 9800.27 9869.11 9939.92 10012.7 10087.3 10163.8 10242.1 10322.1 10403.9 10487.3 10572.4 10659.1 10747.4 9371.37 9180.31 8735.02 8951.15 6418.14 6073.1 5993.38 5702.69 6297.07 6750.6 7915.69 10837.2 10928.5 11021.2 11115.4 11210.9 11307.8 11406 11505.4 11606.1 8723.53 7991.01 7531.27 7425.04 8171.06 8164.43 8160.78 8160.11 8162.43 8167.72 8175.98 8187.21 8201.4 8218.52 10892.3 10996.2 11101.4 11207.8 11315.3 11423.9 11533.6 11644.4 11756.2 11869 
6625.46 6934.38 7368.5 7678 8375.04 7650.16 6550.19 6381.86 1200 900 300 0 300 637.377 989.002 1398.66 1590.01 2780.85 2967.01 3344.12 3534.56 4624.53 4667.57 5257.02 5218.84 5638.37 6559.34 6582.17 6618.53 7708.76 7677.56 7658 7805.45 7751.45 6668.21 6708.58 5367.61 5306.72 4723.48 4791.79 3723.07 3589.74 3414.13 3241.33 3071.85 1920.94 1749.29 1615.55 1529.71 1500 1529.71 2795.76 2905.28 3473.65 5856.3 6059.75 6192.43 6853.56 7258.53 7517.4 7426.51 8213.48 9943.25 10006.2 9123.22 8833.18 8923.74 10071.3 10138.3 10207.2 10278.1 10350.8 10425.3 10501.7 10579.7 10659.5 10741 10824.1 10908.8 10995.1 9610.02 9413.45 8977.23 9180.31 6561.44 6195.36 6109.88 5773.27 6349.26 6864.08 8054.7 11082.9 11172.1 11262.9 11355 11448.5 11543.4 11639.6 11737.1 11835.8 8854.94 8079.68 7592.76 7432.11 8160.96 8160.06 8162.14 8167.21 8175.24 8186.25 8200.2 8217.1 8236.91 8259.63 11093.3 11199.5 11307 11415.5 11525.1 11635.8 11747.6 11860.3 11974 12088.6 
6922.5 7231.67 7666.09 7975.78 8675.04 7950.16 6850.18 6679.31 1500 1200 600 300 0 813.173 1110.46 1676.68 1839.33 3060.74 3249.33 3630.17 3822.06 4921.51 4961.98 5552.59 5516.45 5932.64 6858.94 6880.77 6915.56 8006.56 7976.53 7957.7 8099.69 8047.67 6963.12 7001.79 5657.41 5599.67 5014.6 5079 3993.28 3857.62 3678.48 3501.61 3327.35 2121.32 1920.94 1749.29 1615.55 1529.71 1500 2980.14 3080.69 3705.57 6132.8 6329.74 6454.55 7122.94 7545.28 7794.63 7708.96 8494.48 10219.3 10280.6 9392.98 9104.12 9174.86 10343.9 10409.1 10476.3 10545.3 10616.2 10688.9 10763.4 10839.6 10917.5 10997 11078.2 11161 11245.3 9852.03 9650.29 9222.83 9413.45 6715.09 6329.49 6238.64 5858.38 6415.07 6988.61 8202.32 11331.1 11418.5 11507.3 11597.5 11689.1 11782 11876.3 11971.8 12068.6 8994.44 8178.4 7665.51 7451.26 8161.88 8166.71 8174.52 8185.29 8199.02 8215.69 8235.29 8257.78 8283.15 8311.37 11298.7 11407.1 11516.7 11627.3 11738.9 11851.6 11965.2 12079.7 12195.2 12311.6 
6464.45 6768.05 7195.46 7500.66 8118.65 7393.66 6296.92 6215.56 1089.15 849.264 575.543 637.377 813.173 0 375 1000 1068 2348.54 2544.72 2938.64 3136.18 4301.16 4314.22 4912.48 4901.02 5278.73 6279.03 6275.45 6286.2 7384.53 7375.38 7378.43 7439.17 7405.83 6311.2 6335.71 4973.18 4936.6 4341.66 4383.21 3242.3 3101.61 2915.48 2731.3 2549.51 1308.15 1116.36 980.434 925.338 965.013 1089.15 2170.83 2275.55 2900.43 5391.89 5571.19 5679.79 6361.8 6839.77 7053.01 6985.03 7764.18 9471.7 9528.4 8630.51 8344.53 8382.31 9587.31 9648.38 9711.57 9776.84 9844.15 9913.45 9984.72 10057.9 10133 10209.8 10288.5 10368.9 10451.1 9050.48 8845.09 8424.55 8606.14 5925.9 5557.99 5472.72 5147.88 5733.51 6227.21 7418.26 10534.9 10620.3 10707.3 10795.9 10886 10977.6 11070.6 11165 11260.8 8217.74 7447.99 6972.18 6850.18 7595.54 7588.92 7585.51 7585.3 7588.31 7594.51 7603.91 7616.5 7632.26 7651.16 10485.7 10594 10703.5 10814.1 10925.9 11038.7 11152.5 11267.4 11383.2 11500 
6563.04 6862.28 7284.16 7585.8 8152.65 7429.71 6339.21 6312.09 1325.94 1137.16 950.329 989.002 1110.46 375 0 1068 1000 2302.17 2502 2901.72 3101.61 4308.78 4300.07 4900.06 4907.71 5252.92 6303.62 6282.17 6275 7375 7381.1 7399.37 7399.37 7381.1 6282.17 6294.89 4922.97 4905.16 4305.88 4326.16 3134.98 2989.25 2795.64 2603 2411.56 1076.16 832.541 638.847 550.568 614.919 795.692 1891.59 1982.74 2697.8 5282.1 5439.21 5525 6224 6761.89 6937.08 6888.4 7659.02 9344.65 9395.89 8486.46 8204.61 8192.83 9449.44 9505.24 9563.26 9623.46 9685.79 9750.23 9816.72 9885.23 9955.71 10028.1 10102.4 10178.6 10256.5 8841.42 8626.7 8223.52 8381.53 5604.74 5221.41 5132.37 4784.48 5364.35 5884.3 7091.98 10336.3 10417.7 10500.8 10585.6 10672 10760 10849.5 10940.4 11032.9 7885.31 7091.41 6605.54 6475.19 7221.09 7214.13 7210.54 7210.32 7213.48 7220.01 7229.9 7243.13 7259.7 7279.57 10217.7 10328.8 10441.1 10554.5 10669 10784.5 10901 11018.5 11136.9 11256.2 
5497.74 5798.14 6221.79 6524.72 7121.27 6396.58 5301.06 5247.2 579.871 686.477 1131.92 1398.66 1676.68 1000 1068 0 375 1384.06 1573.41 1958.48 2153.05 3301.51 3318.51 3915.67 3901.28 4285.44 5279.8 5275.53 5288.31 6386.02 6375.44 6378.97 6449.13 6410.64 5318.01 5347.08 3991.55 3945.88 3354.1 3407.71 2326.48 2195.45 2024.85 1860.11 1702.94 928.036 998.123 1145.1 1343.97 1575.2 1826.54 1735.66 1878.33 2170.83 4457.86 4662.42 4802.08 5456.42 5872.18 6119.23 6032.46 6817.81 8544.77 8607.58 7725.65 7435.14 7547.39 8672.74 8740.2 8809.91 8881.81 8955.85 9031.98 9110.14 9190.29 9272.36 9356.32 9442.11 9529.69 9618.99 8249.92 8064.47 7610.72 7840 5492.38 5209.73 5147.88 5005.06 5650.06 5905.77 6991.47 9709.98 9802.61 9896.83 9992.6 10089.9 10188.6 10288.7 10390.3 10493.1 7815.45 7209.2 6838.22 6915.56 7713.12 7686.34 7662.63 7642.04 7624.59 7610.3 7599.18 7591.25 7586.52 7585 9821.91 9921.75 10023 10125.7 10229.7 10335 10441.6 10549.4 10658.4 10768.6 
5613.33 5907.86 6324.16 6622.41 7160 6438.22 5351.23 5361.2 952.956 1021.33 1361.3 1590.01 1839.33 1068 1000 375 0 1303.84 1503.33 1902.63 2102.38 3311.44 3300.09 3900.08 3909.68 4253.6 5309.01 5283.52 5275 6375 6382.05 6403.17 6403.17 6382.05 5283.52 5298.64 3928.82 3906.48 3307.66 3334.01 2174.43 2033.62 1848.14 1666.02 1488.5 555.09 665.676 870.704 1119.43 1388.57 1668.27 1370.45 1510.38 1891.59 4324.42 4503.89 4617.97 5295.1 5781.27 5985.24 5920.3 6697.81 8403.72 8460.66 7564.39 7277.75 7336.38 8520.08 8581.93 8646.15 8712.69 8781.49 8852.51 8925.69 9000.98 9078.33 9157.68 9238.99 9322.19 9407.25 8020.01 7824.32 7387.57 7592.76 5144.23 4849.03 4784.48 4630.47 5275.06 5543.01 6644.26 9494.11 9582.72 9673.03 9765.01 9858.59 9953.74 10050.4 10148.6 10248.1 7465.13 6840.18 6463.99 6544.32 7344.66 7316.53 7291.63 7269.99 7251.64 7236.61 7224.91 7216.58 7211.6 7210 9535.29 9638.1 9742.32 9847.91 9954.83 10063 10172.5 10283.1 10394.9 10507.8 
4456.04 4736.92 5137.3 5426.04 5889.87 5172.58 4098.86 4203.87 1730.07 1976.9 2505.62 2780.85 3060.74 2348.54 2302.17 1384.06 1303.84 0 200 600 800 2034.85 2003.9 2603 2626.9 2950.95 4036.16 3995.08 3976.26 5075.99 5090.74 5123.05 5099.57 5078.94 3980.03 3995.08 2626.9 2603 2003.9 2034.85 976.281 866.386 742.041 656.22 625 1446.76 1734.39 2025.62 2319.08 2614.02 2910 1550.2 1685.6 1226.02 3076.63 3293.17 3455.52 4086.95 4493.12 4736.89 4648.66 5433.75 7163.27 7227.84 6352.95 6060.58 6223.54 7295.17 7365.18 7437.81 7512.98 7590.61 7670.63 7752.96 7837.53 7924.27 8013.11 8103.98 8196.81 8291.54 6953.82 6788.23 6305.26 6579.51 4698.74 4550.62 4525.62 4650.94 5341.93 5252.14 6158.43 8388.09 8486.42 8586.45 8688.14 8791.42 8896.23 9002.53 9110.25 9219.36 6996.65 6625.19 6410 6760.41 7605.4 7551.43 7500.31 7452.11 7406.88 7364.68 7325.56 7289.57 7256.75 7227.15 8657.7 8747.65 8839.43 8933 9028.3 9125.27 9223.85 9324.01 9425.68 9528.82 
4278.26 4556.41 4953.69 5240.64 5693.03 4976.51 3905.2 4026.47 1892.91 2148.98 2688.52 2967.01 3249.33 2544.72 2502 1573.41 1503.33 200 0 400 600 1838.65 1804.34 2403.25 2429.12 2751.02 3839.35 3796.13 3776.32 4876.03 4891.38 4925 4900.57 4879.1 3780.29 3796.13 2429.12 2403.25 1804.34 1838.65 832.541 742.041 656.22 625 656.22 1638.02 1928.24 2221.06 2515.58 2811.25 3107.75 1680.22 1808.66 1234.15 2895.79 3121.7 3295.55 3914.48 4299.78 4553.91 4459.82 5246.49 6980.87 7047.1 6177.38 5883.93 6068.98 7116.14 7187.9 7262.31 7339.27 7418.72 7500.57 7584.75 7671.17 7759.77 7850.47 7943.2 8037.89 8134.47 6807.76 6648.31 6156.81 6444.38 4674.2 4551.72 4533.35 4701.2 5395.02 5250.24 6120.15 8232.87 8333.03 8434.88 8538.37 8643.44 8750.02 8858.07 8967.54 9078.36 6958.67 6629.72 6440.35 6829.58 7678.68 7621.13 7566.36 7514.43 7465.41 7419.33 7376.27 7336.28 7299.4 7265.68 8545.16 8632.67 8722.09 8813.36 8906.44 9001.25 9097.75 9195.89 9295.6 9396.85 
3929.11 4200.67 4590.58 4873.31 5300.06 4585.37 3520.03 3678.65 2236.77 2505.62 3060.74 3344.12 3630.17 2938.64 2901.72 1958.48 1902.63 600 400 0 200 1449.35 1405.57 2003.9 2034.85 2351.2 3446.83 3398.62 3376.48 4476.12 4492.84 4529.42 4502.85 4479.47 3380.92 3398.62 2034.85 2003.9 1405.57 1449.35 642.748 625 656.22 742.041 866.386 2025.62 2319.08 2614.02 2910 3206.73 3504.02 1975.63 2090.75 1342.8 2542.76 2790.16 2990.09 3578.15 3915.11 4192.63 4085.34 4875 6619.1 6688.92 5830.95 5535.4 5768.23 6761.62 6837.1 6915.28 6996.06 7079.36 7165.09 7253.17 7343.49 7436 7530.6 7627.22 7725.78 7826.21 6524.23 6378.09 5869.09 6184.66 4650.6 4580.19 4575.07 4825.06 5521.44 5269.25 6062.69 7928.44 8032.39 8138.01 8245.23 8353.98 8464.21 8575.87 8688.89 8803.22 6899.5 6656.81 6519.06 6983.06 7838.5 7774.11 7712.34 7653.26 7596.91 7543.37 7492.7 7444.96 7400.19 7358.46 8329.93 8412.26 8496.66 8583.06 8671.41 8761.65 8853.72 8947.55 9043.11 9140.33 
3758.34 4025.92 4411.42 4691.65 5103.98 4390.4 3328.76 3508.92 2415.19 2688.52 3249.33 3534.56 3822.06 3136.18 3101.61 2153.05 2102.38 800 600 200 0 1257.23 1206.49 1804.34 1838.65 2151.31 3251.25 3200.1 3176.57 4276.17 4293.67 4331.93 4304.14 4279.68 3181.29 3200.1 1838.65 1804.34 1206.49 1257.23 626.997 656.22 742.041 866.386 1015.2 2221.06 2515.58 2811.25 3107.75 3404.87 3702.45 2136.15 2245.27 1436.36 2371.84 2631.54 2846.16 3415.13 3723.99 4014.74 3900 4691.02 6439.91 6511.65 5660.39 5363.83 5622.5 6586.31 6663.78 6743.97 6826.78 6912.12 6999.9 7090.02 7182.4 7276.96 7373.6 7472.25 7572.83 7675.26 6387.15 6248.2 5730.29 6060.53 4651.68 4607.4 4608.82 4898.09 5594.31 5290.09 6043.7 7779.47 7885.39 7992.95 8102.08 8212.73 8324.84 8438.33 8553.17 8669.29 6878.45 6679.31 6567.2 7067.04 7924.78 7857.13 7792.01 7729.5 7669.65 7612.52 7558.19 7506.7 7458.12 7412.51 8227.5 8307.09 8388.83 8472.65 8558.49 8646.3 8736.01 8827.57 8920.91 9015.99 
2563 2811.24 3178.75 3450.59 3855.19 3137.87 2071.53 2321.23 3441.84 3736.48 4327.96 4624.53 4921.51 4301.16 4308.78 3301.51 3311.44 2034.85 1838.65 1449.35 1257.23 0 250 650 600 1051.19 2001.56 1975.16 1994.05 3087.27 3075.1 3092.13 3197.07 3128.3 2057 2121.61 960.469 781.025 500 750 1600.78 1720.47 1886.8 2059.13 2236.07 3474.37 3766.46 4059.71 4353.88 4648.79 4944.31 3355.96 3451.54 2522.4 1833.71 2196.16 2529.82 2857.01 2787.92 3253.46 3045.59 3830.47 5606.08 5698.62 4934.64 4633.71 5137.91 5793.88 5891.74 5992.05 6094.71 6199.6 6306.6 6415.61 6526.53 6639.26 6753.71 6869.8 6987.44 7106.56 5959.97 5883.93 5303.6 5747.23 5196.75 5287.84 5321.24 5784.95 6469.79 5921.41 6440.93 7227.08 7348.94 7472.07 7596.41 7721.89 7848.47 7976.1 8104.71 8234.27 7247.84 7294 7313.77 7976.53 8838.28 8756.32 8676.39 8598.55 8522.85 8449.36 8378.12 8309.21 8242.67 8178.56 8041.69 8100.03 8160.93 8224.34 8290.19 8358.45 8429.03 8501.9 8576.98 8654.22 
2728.36 2962.78 3313.53 3575.13 3905.12 3197.07 2160.15 2492.61 3499.46 3789.62 4373.93 4667.57 4961.98 4314.22 4300.07 3318.51 3300.09 2003.9 1804.34 1405.57 1206.49 250 0 600 650 970.824 2057 1994.05 1975.16 3075.1 3087.27 3128.3 3137.87 3092.13 2001.56 2043.59 781.025 650 250 500 1457.74 1588.24 1767.06 1950 2136 3423.63 3719.71 4016.37 4313.5 4610.99 4908.79 3244.23 3331.76 2371.71 1612.45 1968.03 2294.01 2650.47 2661.77 3085.85 2898.38 3689.17 5463.8 5551.69 4767.14 4466.12 4931.85 5642.52 5736.16 5832.47 5931.32 6032.58 6136.14 6241.88 6349.69 6459.47 6571.12 6684.54 6799.66 6916.37 5748.59 5665.3 5090.74 5523.19 4955.43 5055.81 5091.97 5574.78 6256.65 5684.46 6192.59 7034.61 7154.3 7275.36 7397.73 7521.34 7646.14 7772.07 7899.07 8027.1 6998.66 7054.43 7084.58 7766.11 8627.59 8543.6 8461.66 8381.83 8304.16 8228.71 8155.55 8084.73 8016.33 7950.4 7809.53 7869.59 7932.26 7997.48 8065.19 8135.33 8207.84 8282.65 8359.7 8438.93 
2329.28 2526.91 2839.2 3080.38 3324.15 2625.12 1629.8 2114.98 4081.21 4373.93 4961.98 5257.02 5552.59 4912.48 4900.06 3915.67 3900.08 2603 2403.25 2003.9 1804.34 650 600 0 250 403.113 1490.39 1402.23 1375.23 2475.13 2490.23 2540.92 2552.69 2496.25 1412.89 1471.82 500 250 650 781.025 1996.25 2136 2324.33 2514.46 2706.01 4016.37 4313.5 4610.99 4908.79 5206.85 5505.11 3798.03 3876.94 2885.31 1414.21 1792.52 2159.28 2350.53 2150.58 2657.54 2425 3201.56 4975.25 5071.61 4331.93 4031.9 4611.2 5170.89 5272.91 5377.52 5484.57 5593.93 5705.45 5819.02 5934.52 6051.84 6170.87 6291.51 6413.68 6537.29 5445.76 5394.04 4796.42 5278.79 5148.42 5313.31 5364.52 5926.9 6595.12 5907.04 6291.11 6662.26 6788.52 6915.98 7044.6 7174.3 7305.03 7436.74 7569.37 7702.87 7073.28 7251.55 7348.55 8110.02 8968.57 8877.27 8787.8 8700.2 8614.53 8530.86 8449.24 8369.74 8292.4 8217.3 7604 7653.45 7705.73 7760.8 7818.6 7879.06 7942.13 8007.74 8075.83 8146.33 
2133.2 2347.39 2680.68 2934.92 3265.35 2552.69 1510.38 1910.01 4031.9 4327.96 4921.51 5218.84 5516.45 4901.02 4907.71 3901.28 3909.68 2626.9 2429.12 2034.85 1838.65 600 650 250 0 570.088 1412.89 1375.23 1402.23 2490.23 2475.13 2496.25 2625.12 2540.92 1490.39 1578.37 750 500 781.025 960.469 2102.97 2236.07 2416.61 2600 2785.68 4059.71 4353.88 4648.79 4944.31 5240.35 5536.81 3893.91 3980.34 3010.4 1662.08 2040.37 2408.32 2581.18 2304.89 2850.44 2599.16 3363.41 5131.09 5232.04 4515.6 4216.78 4830.95 5335.64 5441.74 5550.2 5660.88 5773.65 5888.39 6005 6123.36 6243.37 6364.95 6488 6612.44 6738.19 5668.44 5623.22 5021.77 5512.77 5381.1 5534.55 5582.62 6125 6797.66 6135.4 6535.72 6865.18 6993.35 7122.63 7252.96 7384.28 7516.55 7649.71 7783.72 7918.54 7319.92 7484.82 7569.76 8311.74 9171.44 9082.18 8994.74 8909.18 8825.54 8743.89 8664.28 8586.76 8511.4 8438.25 7842.25 7890.2 7940.93 7994.38 8050.5 8109.23 8170.52 8234.31 8300.54 8369.16 
2317.47 2472.24 2735.17 2947.96 3054.91 2381.44 1485.35 2130.87 4468.92 4759.86 5344.74 5638.37 5932.64 5278.73 5252.92 4285.44 4253.6 2950.95 2751.02 2351.2 2151.31 1051.19 970.824 403.113 570.088 0 1285.01 1129.71 1039.83 2132.19 2177.44 2261.91 2167.08 2128.67 1032.59 1075.29 460.977 353.553 951.315 996.243 2267.71 2413.5 2608.64 2804.46 3000.83 4341.23 4640.18 4939.26 5238.44 5537.71 5837.06 4066.02 4134.69 3119.7 1209.34 1578.17 1955.76 2040.22 1750 2280.35 2033.01 2804.01 4576.09 4674.01 3946.91 3647.77 4270.9 4775.02 4878.92 4985.54 5094.71 5206.26 5320.05 5435.93 5553.78 5673.47 5794.88 5917.92 6042.48 6168.47 5110.9 5074.26 4467.73 4972.74 5109.43 5318.95 5380.81 6000.26 6654.74 5883.93 6181.27 6295.81 6424.41 6554.2 6685.11 6817.08 6950.04 7083.94 7218.73 7354.36 6944.51 7204.34 7348.89 8168.84 9022.96 8926.1 8830.94 8737.53 8645.92 8556.17 8468.35 8382.52 8298.72 8217.04 7311.04 7355.04 7402.06 7452.05 7504.95 7560.7 7619.23 7680.49 7744.41 7810.92 
1300.02 1338.57 1504.34 1683.08 1853.71 1140.18 300 1220.91 5361.44 5660.83 6259.79 6559.34 6858.94 6279.03 6303.62 5279.8 5309.01 4036.16 3839.35 3446.83 3251.25 2001.56 2057 1490.39 1412.89 1285.01 0 300 600 1253 1140.18 1100 1627.88 1421.27 900 1100 1745.35 1603.51 2140.39 2248.61 3486.58 3625.78 3812.64 4000.78 4190.02 5472.2 5765.85 6060.12 6354.92 6650.19 6945.86 5287.84 5367.32 4371.64 2298.1 2605.4 2967.53 2757.94 1863.13 2602.16 2240.68 2810.03 4426.13 4553.92 4041.12 3769.62 4682.48 4683.41 4814.48 4947 5080.85 5215.93 5352.15 5489.42 5627.67 5766.82 5906.82 6047.6 6189.1 6331.29 5521.1 5561.53 4932.35 5525 6285.9 6540.07 6610.83 7266.58 7912.37 7073.41 7246.77 6474.12 6617.54 6761.52 6906.02 7051.01 7196.46 7342.34 7488.63 7635.31 7969 8358.01 8557.16 9423.71 10273.8 10173.2 10073.9 9976.12 9879.81 9785.05 9691.86 9600.31 9510.44 9422.29 7869.39 7890.04 7913.71 7940.38 7970.01 8002.57 8038.03 8076.35 8117.48 8161.39 
1600.02 1631.49 1770.04 1924.26 1929.05 1253 600 1516.78 5389.34 5687.27 6283.71 6582.17 6880.77 6275.45 6282.17 5275.53 5283.52 3995.08 3796.13 3398.62 3200.1 1975.16 1994.05 1402.23 1375.23 1129.71 300 0 300 1140.18 1100 1140.18 1421.27 1253 600 800 1578.37 1471.82 2043.59 2121.61 3383.97 3527.22 3719.04 3911.68 4105.03 5417.1 5713.58 6010.41 6307.54 6604.92 6902.54 5186.16 5258.62 4248.09 2046.03 2338.4 2694.67 2461.96 1570.43 2305.7 1946.95 2537.96 4185.76 4309.82 3768.37 3492.85 4388.12 4435.9 4563.82 4693.44 4824.63 4957.25 5091.2 5226.37 5362.67 5500.02 5638.34 5777.56 5917.62 6058.46 5228.05 5265.04 4636.07 5226.44 6032.62 6301.79 6376.37 7053.94 7692.24 6822.99 6969.26 6200.02 6342.26 6485.13 6628.6 6772.62 6917.15 7062.18 7207.67 7353.58 7685.38 8096.37 8311.74 9200.61 10047.7 9944.72 9843.16 9743.05 9644.41 9547.31 9451.78 9357.88 9265.66 9175.16 7571.75 7593.2 7617.8 7645.49 7676.26 7710.07 7746.86 7786.61 7829.27 7874.79 
1900.01 1926.59 2045.25 2180.08 2046.03 1421.27 900 1814.01 5433.69 5729.31 6321.79 6618.53 6915.56 6286.2 6275 5288.31 5275 3976.26 3776.32 3376.48 3176.57 1994.05 1975.16 1375.23 1402.23 1039.83 600 300 0 1100 1140.18 1253 1253 1140.18 300 500 1454.73 1393.29 1987.78 2031.32 3305.49 3451.99 3647.77 3843.99 4040.58 5378.2 5676.71 5975.37 6274.15 6573.05 6872.04 5100.12 5165.09 4142.61 1808.66 2080.41 2428.22 2167.08 1281.11 2010.29 1655.48 2272.94 3953.56 4073.2 3500.09 3220.25 4094.58 4195.23 4319.45 4445.67 4573.73 4703.48 4834.78 4967.51 5101.55 5236.81 5373.2 5510.63 5649.02 5788.31 4935.84 4968.97 4340.29 4928.04 5783.81 6068.98 6147.61 6847.86 7477.68 6576.71 6693.7 5928.43 6069.32 6210.94 6353.23 6496.15 6639.66 6783.72 6928.29 7073.36 7403.04 7837.49 8070.01 8982 9825.46 9720.16 9616.23 9513.72 9412.69 9313.17 9215.22 9118.88 9024.21 8931.27 7274.29 7296.63 7322.21 7351.03 7383.02 7418.16 7456.4 7497.69 7541.98 7589.22 
2191.95 2054.25 1930.71 1900.25 1175.27 900 1421.27 2235.09 6519.59 6816.52 7411.14 7708.76 8006.56 7384.53 7375 6386.02 6375 5075.99 4876.03 4476.12 4276.17 3087.27 3075.1 2475.13 2490.23 2132.19 1253 1140.18 1100 0 300 600 600 300 1140.18 1208.3 2520.17 2485.21 3083.22 3111.47 4385.34 4533.35 4730.88 4928.62 5126.52 6473.41 6772.37 7071.42 7370.55 7669.75 7969 6168.97 6227.21 5196.75 2658.24 2830.75 3113.08 2615.58 1423.46 2103.87 1736.56 1975.16 3343 3483.67 3144.14 2915.48 4006.32 3625.6 3768.64 3912.67 4057.59 4203.3 4349.72 4496.79 4644.44 4792.62 4941.28 5090.38 5239.89 5389.76 4800.26 4907.71 4289.3 4933.62 6474.76 6828.07 6921.93 7695.01 8293.71 7271.73 7208.03 5539.97 5690.49 5841.3 5992.37 6143.69 6295.24 6447 6598.96 6751.1 7850.16 8455.25 8775.25 9776.57 10603.5 10489.7 10376.9 10265.3 10154.8 10045.6 9937.61 9830.9 9725.52 9621.52 7211.26 7210.03 7212.17 7217.69 7226.56 7238.79 7254.36 7273.24 7295.4 7320.82 
1937.69 1780.44 1636.35 1600.3 957.209 600 1253 2001.41 6482.67 6781.22 7378.69 7677.56 7976.53 7375.38 7381.1 6375.44 6382.05 5090.74 4891.38 4492.84 4293.67 3075.1 3087.27 2490.23 2475.13 2177.44 1140.18 1100 1140.18 300 0 300 900 600 1253 1360.15 2593.5 2530.07 3119.5 3171.16 4444.8 4590.89 4786.05 4981.59 5177.48 6505.77 6803.31 7101.06 7398.99 7697.08 7995.31 6240.29 6305.01 5281.22 2825.11 3025.41 3325.09 2864.66 1688.56 2387.73 2016.34 2275.14 3614.64 3757.6 3440.29 3214.03 4305.88 3901.56 4046.41 4192.06 4338.44 4485.46 4633.06 4781.21 4929.83 5078.9 5228.37 5378.22 5528.4 5678.9 5100.25 5207.27 4588.37 5231.69 6697.95 7035.8 7125.88 7878.97 8487.67 7495.21 7464.62 5829.68 5980.74 6132.04 6283.57 6435.32 6587.26 6739.39 6891.69 7044.16 8116.96 8695.76 8998.06 9977.79 10809.8 10698.1 10587.6 10478.2 10370 10263 10157.4 10053 9949.97 9848.34 7511.21 7510.03 7512.09 7517.38 7525.9 7537.65 7552.6 7570.73 7592.03 7616.46 
1698.43 1516.56 1344.49 1300.37 794.512 300 1140.18 1787.63 6459.49 6759.07 7358.33 7658 7957.7 7378.43 7399.37 6378.97 6403.17 5123.05 4925 4529.42 4331.93 3092.13 3128.3 2540.92 2496.25 2261.91 1100 1140.18 1253 600 300 0 1200 900 1421.27 1555.63 2698.38 2608.88 3183.75 3257.49 4523.41 4667.04 4859.14 5051.86 5245.12 6551.72 6847.26 7143.18 7439.42 7735.96 8032.75 6325.05 6395.95 5381.1 3012.68 3236.22 3549.82 3122.7 1963.73 2675.12 2301.22 2575.12 3890.45 4035.24 3737.06 3512.83 4605.5 4180.83 4327.15 4474.13 4621.69 4769.79 4918.38 5067.42 5216.86 5366.68 5516.84 5667.31 5818.08 5969.11 5400.23 5506.87 4887.55 5529.98 6926.94 7250 7336.42 8069.89 8687.67 7723.87 7724.35 6120.39 6271.91 6423.64 6575.57 6727.68 6879.97 7032.42 7185.03 7337.78 8386 8939.87 9225.24 10183.9 11020.3 10910.8 10802.4 10695.2 10589.3 10484.6 10381.1 10279 10178.3 10079 7811.17 7810.03 7812.01 7817.1 7825.29 7836.59 7850.97 7868.41 7888.91 7912.42 
2728.49 2619.15 2523.42 2500.19 1688.56 1500 1860.11 2741.46 6633.63 6925.68 7511.66 7805.45 8099.69 7439.17 7399.37 6449.13 6403.17 5099.57 4900.57 4502.85 4304.14 3197.07 3137.87 2552.69 2625.12 2167.08 1627.88 1421.27 1253 600 900 1200 0 300 1140.18 1104.54 2478.15 2503.25 3097.78 3077.54 4326.81 4476.75 4676.67 4876.6 5076.54 6450.19 6750.19 7050.18 7350.17 7650.16 7950.16 6068.46 6112.95 5077.03 2403.38 2504.62 2738.84 2156.68 957.209 1554.43 1206.49 1375.23 2817.02 2951.06 2554.53 2319.48 3407.44 3087.16 3225.07 3364.55 3505.43 3647.54 3790.74 3934.91 4079.96 4225.78 4372.31 4519.47 4667.21 4815.46 4200.3 4308.78 3691.63 4338.27 6048.35 6434.48 6536.29 7350.04 7925.63 6842.38 6705.64 4964.19 5113.36 5262.92 5412.84 5563.1 5713.67 5864.52 6015.63 6166.99 7324.27 7986.32 8344.16 9389.95 10205 10086.7 9969.38 9853.14 9738.01 9624.04 9511.26 9399.71 9289.45 9180.51 6611.38 6610.03 6612.37 6618.38 6628.06 6641.39 6658.36 6678.92 6703.05 6730.71 
2456.55 2334.52 2226.58 2200.22 1423.46 1200 1627.88 2483.07 6570.01 6864.77 7455.53 7751.45 8047.67 7405.83 7381.1 6410.64 6382.05 5078.94 4879.1 4479.47 4279.68 3128.3 3092.13 2496.25 2540.92 2128.67 1421.27 1253 1140.18 300 600 900 300 0 1100 1118.03 2481.18 2476.14 3075.91 3079.98 4345.83 4495.14 4694.28 4893.49 5092.76 6454.84 6754.63 7054.43 7354.25 7654.08 7953.93 6111.57 6163.05 5128.47 2516.2 2655.77 2916.55 2378.29 1175.27 1825.17 1464.8 1675.19 3076.63 3214.4 2848.79 2617.25 3706.83 3353.77 3494.55 3636.56 3779.69 3923.79 4068.77 4214.54 4361.01 4508.13 4655.82 4804.04 4952.74 5101.87 4500.28 4608.21 3990.38 4635.8 6257.99 6627.41 6725.19 7518.52 8106.21 7053.94 6954.9 5251.4 5401.3 5551.53 5702.08 5852.91 6004 6155.34 6306.9 6458.68 7585.84 8218.65 8557.16 9580.51 10401.9 10285.8 10170.8 10056.9 9944.09 9832.5 9722.14 9613.04 9505.25 9398.82 6911.32 6910.03 6912.27 6918.02 6927.28 6940.04 6956.27 6975.96 6999.06 7025.56 
2200.01 2223.01 2326.6 2445.97 2198.01 1627.88 1200 2112.02 5494.09 5786.62 6373.77 6668.21 6963.12 6311.2 6282.17 5318.01 5283.52 3980.03 3780.29 3380.92 3181.29 2057 2001.56 1412.89 1490.39 1032.59 900 600 300 1140.18 1253 1421.27 1140.18 1100 0 200 1386.09 1377.04 1976.42 1982.74 3252.88 3401.65 3600.17 3798.85 3997.66 5355.84 5655.53 5955.25 6255 6554.77 6854.56 5030.53 5087.55 4056.63 1592.56 1835.25 2170.54 1873.83 998.123 1716.46 1367.71 2017.73 3731.04 3845.43 3237.38 2952.96 3802.06 3962.67 4082.51 4204.71 4329.09 4455.46 4583.65 4713.53 4844.94 4977.77 5111.92 5247.27 5383.74 5521.24 4644.62 4673.4 4045.14 4629.86 5540.08 5842.3 5925.21 6648.92 7269.16 6335.07 6420.33 5659.7 5799.06 5939.24 6080.19 6221.86 6364.2 6507.17 6650.72 6794.82 7122.15 7581.64 7832.3 8768.2 9607.48 9499.76 9393.39 9288.43 9184.92 9082.9 8982.44 8883.58 8786.38 8690.89 6977.06 7000.34 7027.01 7057.02 7090.35 7126.93 7166.72 7209.67 7255.72 7304.81 
2400.01 2421.11 2516.55 2627.31 2315.44 1780.45 1400 2310.98 5543.01 5833.1 6416 6708.58 7001.79 6335.71 6294.89 5347.08 5298.64 3995.08 3796.13 3398.62 3200.1 2121.61 2043.59 1471.82 1578.37 1075.29 1100 800 500 1208.3 1360.15 1555.63 1104.54 1118.03 200 0 1375.23 1402.23 1994.05 1975.16 3232.84 3382.49 3582.07 3781.7 3981.36 5350.23 5650.22 5950.21 6250.2 6550.19 6850.18 4993.62 5045.11 4010.77 1465.01 1681.7 2005.31 1679.66 816.241 1521.92 1179.25 1855.06 3588.96 3699.32 3066.04 2778.49 3607.72 3812.87 3929.33 4048.46 4170.01 4293.8 4419.63 4547.32 4676.73 4807.73 4940.17 5073.95 5208.97 5345.14 4451.12 4476.68 3848.78 4431.21 5380.75 5694.95 5780.84 6520.59 7133.77 6176.82 6239.44 5482.36 5620.56 5759.66 5899.62 6040.36 6181.83 6323.99 6466.78 6610.17 6935.78 7412.91 7676.26 8628.51 9464.66 9355.29 9247.26 9140.62 9035.41 8931.69 8829.51 8728.92 8629.97 8532.73 6779.04 6803 6830.43 6861.31 6895.58 6933.19 6974.09 7018.22 7065.51 7115.92 
2747.83 2917.24 3191.56 3407.9 3492.85 2831.3 1944.54 2549.14 4222.71 4506.25 5079 5367.61 5657.41 4973.18 4922.97 3991.55 3928.82 2626.9 2429.12 2034.85 1838.65 960.469 781.025 500 750 460.977 1745.35 1578.37 1454.73 2520.17 2593.5 2698.38 2478.15 2481.18 1386.09 1375.23 0 250 650 600 1866.82 2015.56 2214.16 2412.99 2611.99 3975.71 4275.66 4575.61 4875.58 5175.54 5475.51 3650.34 3712.23 2687.94 921.954 1299.28 1662.08 1903.94 1903.94 2304.89 2122.65 2915.48 4688.08 4773.91 3986.3 3685.27 4181.88 4863.24 4955.86 5051.6 5150.29 5251.76 5355.86 5462.42 5571.31 5682.4 5795.57 5910.68 6027.63 6146.31 5008.12 4941.72 4353.81 4815.66 4688.42 4879.16 4937.42 5543.3 6200.45 5456.02 5803.29 6266.64 6388.5 6511.82 6636.52 6762.52 6889.74 7018.13 7147.61 7278.14 6580.75 6788.59 6912.04 7715.08 8570.31 8474.72 8380.95 8289.06 8199.1 8111.14 8025.26 7941.5 7859.96 7780.68 7129.92 7182.63 7238.32 7296.92 7358.36 7422.58 7489.49 7559.02 7631.12 7705.7 
2534.87 2717.58 3010.16 3238.64 3400.37 2718.69 1776.58 2328.76 4145.03 4433.54 5014.6 5306.72 5599.67 4936.6 4905.16 3945.88 3906.48 2603 2403.25 2003.9 1804.34 781.025 650 250 500 353.553 1603.51 1471.82 1393.29 2485.21 2530.07 2608.88 2503.25 2476.14 1377.04 1402.23 250 0 600 650 1916.38 2061.55 2256.1 2451.53 2647.64 3988.26 4287.34 4586.53 4885.82 5185.2 5484.64 3716.52 3787.23 2777.14 1167.26 1545.36 1910.5 2124.26 2015.56 2474.87 2265.09 3051.64 4827.33 4918.66 4155.19 3854.38 4394.67 5013.19 5110.73 5211.11 5314.18 5419.78 5527.77 5638 5750.35 5864.7 5980.93 6098.94 6218.63 6339.89 5225.54 5166.78 4573.63 5046.35 4917.44 5094.73 5149.33 5732.85 6395.95 5680.5 6046.95 6462.64 6586.8 6712.29 6839.03 6966.97 7096.02 7226.14 7357.27 7489.34 6826.88 7019.44 7129.25 7911.07 8768.14 8674.73 8583.14 8493.44 8405.66 8319.89 8236.18 8154.6 8075.2 7998.06 7366.53 7417.56 7471.5 7528.29 7587.85 7650.14 7715.08 7782.6 7852.64 7925.13 
2905.85 3126.99 3461.13 3712.35 3970.2 3274.33 2272.94 2676.4 3573.69 3858.27 4433.54 4723.48 5014.6 4341.66 4305.88 3354.1 3307.66 2003.9 1804.34 1405.57 1206.49 500 250 650 781.025 951.315 2140.39 2043.59 1987.78 3083.22 3119.5 3183.75 3097.78 3075.91 1976.42 1994.05 650 600 0 250 1346.29 1486.61 1676.31 1868.15 2061.55 3390.61 3689.34 3988.26 4287.34 4586.53 4885.82 3148.41 3226.94 2238.86 1400.89 1745.89 2061.55 2452.04 2553.92 2930.02 2765.98 3559.85 5329.46 5412.32 4607.13 4306.54 4730.02 5498.37 5587.45 5679.41 5774.13 5871.46 5971.28 6073.47 6177.91 6284.48 6393.09 6503.62 6615.99 6730.1 5540.42 5449.37 4881.41 5301.47 4715 4825.58 4864.73 5368.02 6046.33 5448.68 5944.38 6845.85 6963.18 7082.01 7202.25 7323.84 7446.71 7570.81 7696.06 7822.42 6749.54 6815.61 6856.84 7558.11 8419.04 8332.96 8248.93 8167.01 8087.27 8009.78 7934.6 7861.8 7791.44 7723.59 7578.51 7640.38 7704.92 7772.05 7841.7 7913.82 7988.34 8065.19 8144.3 8225.6 
3093.37 3301.98 3620.01 3860.9 4049.69 3368.42 2406.5 2870.21 3663.5 3941.61 4506.25 4791.79 5079 4383.21 4326.16 3407.71 3334.01 2034.85 1838.65 1449.35 1257.23 750 500 781.025 960.469 996.243 2248.61 2121.61 2031.32 3111.47 3171.16 3257.49 3077.54 3079.98 1982.74 1975.16 600 650 250 0 1274.75 1422.15 1619.41 1817.28 2015.56 3375.83 3675.77 3975.71 4275.66 4575.61 4875.58 3070.02 3138.57 2127.2 1204.16 1532.36 1833.71 2263.85 2466.78 2787.92 2650.59 3443.84 5203.66 5281.12 4455.4 4155.87 4533 5362 5446.15 5533.42 5623.66 5716.73 5812.5 5910.84 6011.62 6114.71 6220.01 6327.41 6436.79 6548.07 5335.85 5236.47 4676.07 5082.38 4475.63 4597.42 4639.84 5165.09 5839.15 5214.22 5696.33 6661.14 6775.91 6892.3 7010.23 7129.63 7250.42 7372.52 7495.89 7620.45 6500.48 6577.61 6630.71 7352.72 8212.81 8124.54 8038.33 7954.25 7872.36 7792.73 7715.43 7640.54 7568.13 7498.26 7348.73 7412.52 7479.02 7548.16 7619.86 7694.06 7770.69 7849.67 7930.92 8014.4 
4163.71 4410.28 4769.38 5032.8 5312.72 4620.2 3611.27 3921.18 2705.78 2947.24 3457.78 3723.07 3993.28 3242.3 3134.98 2326.48 2174.43 976.281 832.541 642.748 626.997 1600.78 1457.74 1996.25 2102.97 2267.71 3486.58 3383.97 3305.49 4385.34 4444.8 4523.41 4326.81 4345.83 3252.88 3232.84 1866.82 1916.38 1346.29 1274.75 0 150 350 550 750 2132.19 2431.31 2730.61 3030.06 3329.6 3629.22 1802.78 1880.99 921.954 2150.58 2336.8 2482.44 3130.5 3634.56 3810.84 3753.42 4526.04 6230.22 6288.86 5400.29 5110.9 5247.44 6350.79 6415.92 6484.15 6555.38 6629.52 6706.47 6786.13 6868.41 6953.22 7040.46 7130.05 7221.9 7315.92 5978.82 5816.62 5329.46 5611.87 4025.7 3982.62 3986.3 4305.88 5000.81 4663.76 5425.46 7412.03 7510.16 7610.21 7712.13 7815.83 7921.24 8028.3 8136.94 8247.11 6261.49 6053.1 5951.16 6485.56 7345.59 7273.63 7204.32 7137.76 7074 7013.14 6955.24 6900.39 6848.65 6800.1 7720.84 7806.6 7894.51 7984.5 8076.5 8170.44 8266.26 8363.9 8463.28 8564.35 
4281.19 4531.7 4895.31 5161.37 5455.5 4760.91 3745.83 4037.09 2589.64 2825.11 3327.35 3589.74 3857.62 3101.61 2989.25 2195.45 2033.62 866.386 742.041 625 656.22 1720.47 1588.24 2136 2236.07 2413.5 3625.78 3527.22 3451.99 4533.35 4590.89 4667.04 4476.75 4495.14 3401.65 3382.49 2015.56 2061.55 1486.61 1422.15 150 0 200 400 600 1982.74 2281.72 2580.94 2880.32 3179.82 3479.4 1662.08 1744.46 813.941 2294.01 2472.47 2607.68 3265.35 3783.19 3952.85 3899.44 4670.39 6370.1 6427.46 5535.4 5247.02 5365.46 6488.07 6551.84 6618.66 6688.46 6761.14 6836.61 6914.77 6995.54 7078.82 7164.54 7252.59 7342.91 7435.4 6089.44 5922.05 5442.25 5713.2 4025.7 3959.96 3957.98 4244.48 4940.46 4646.84 5442.02 7529.99 7626.59 7725.14 7825.56 7927.78 8031.72 8137.33 8244.53 8353.28 6279.43 6035.11 5911.96 6417.55 7276.35 7206.94 7140.26 7076.4 7015.43 6957.42 6902.44 6850.58 6801.91 6756.48 7803.26 7891.09 7981 8072.92 8166.79 8262.54 8360.11 8459.42 8560.43 8663.07 
