0 1975 7150 9125 1221.98 637.455 706.629 1297.57 5976.05 6600.28 7791.17 8415.71 9146.38 7177.26 5000.66 2071.53 625 2311.73 795 2129 7194.06 9159.57 8482.94 7863.73 6685.79 6070.35 1679.2 1278.8 1241.91 1621.49 1420 2432.49 7289.64 9234.83 9474.6 7591.11 3225.39 2550 3094.63 2913.73 2929.65 3125.25 6617.9 7186.6 8293.72 8883 9661.59 7823.24 5927.07 3739.15 3175 3932.89 3345 3884.54 7893.76 9718.78 9171.9 8602.43 7540.77 7000.9 3870.81 3714.68 3702.14 3846.13 3970 4434.13 8178.23 9951.21 10453.5 8782.51 5469.06 5100 5537.62 5438.6 5447.14 5554.79 8055.13 8528.53 9480.21 9999.81 10772.2 9159.59 6056.09 5725 6212.58 5895 6217.05 7632.73 9266.8 10863.5 10454.3 9958.43 9057.14 8612.85 6336.54 6242.38 6234.93 6321.49 6520 6812.56 9676.41 11215 11907.5 10471.2 7900.83 7650 8047.28 7979.46 7985.29 8059.11 9948.8 10335.8 11134.1 11579.7 12318.3 10936.1 8507.42 8275 8644.63 8445 8672.87 9715.56 11065.3 12433.2 12143.5 11719.4 10963.8 10599.7 8850.15 8782.98 8777.69 8839.38 12865.9 11549.3 9282.54 9070 
1975 0 5175 7150 3172.18 2550.91 1375.39 779.311 4005.02 4628.39 5818.26 6442.46 7177.26 5212.6 3058.55 625 2071.53 4234.94 2129 795 5235.71 7194.06 6530.03 5915.08 4749.53 4144.41 1320.35 1740.03 2764.62 3346.45 2432.49 1420 5366.29 7289.64 7591.11 5769.15 2550 3225.39 4259.84 3819.77 3158.35 2948.02 4911.58 5431.9 6475.78 7041.93 7823.24 6071.35 4413.41 3175 3739.15 5297 3884.54 3345 6161.95 7893.76 7403.03 6866.71 5892.5 5416.61 3729.19 3897.59 4450.46 4833.45 4434.13 3970 6522.39 8178.23 8782.51 7265.72 5100 5469.06 6263.76 5973.2 5573.48 5457.04 6724 7112.95 7938.78 8406.98 9159.59 7717.27 5725 6056.09 7154.49 6217.05 5895 6527.38 7844.21 9266.8 8942.78 8504.13 7738.86 7382.96 6251.03 6352.93 6706.35 6966.4 6812.56 6520 8324.12 9676.41 10471.2 9235.97 7650 7900.83 8563.19 8353 8072 7992.05 8905.37 9202.58 9854.83 10235.8 10936.1 9759.93 8275 8507.42 9344.53 8672.87 8445 8873.57 9904.48 11065.3 10869.5 10511.6 9902.7 9627.13 8789.13 8861.9 9118.59 9311.51 11549.3 10442.5 9070 9282.54 
7150 5175 0 1975 8337.76 7713.23 6522.37 5898.15 1221.98 637.455 706.629 1297.57 2071.53 625 2311.73 5212.6 7177.26 9376.92 7194.06 5235.71 795 2129 1679.2 1278.8 1241.91 1621.49 5993.68 6608.88 7786.52 8405.61 7289.64 5366.29 1420 2432.49 3225.39 2550 5769.15 7591.11 8809.19 8220.55 7115.11 6547.65 3094.63 2913.73 2929.65 3125.25 3739.15 3175 3932.89 6071.35 7823.24 9902.03 7893.76 6161.95 3345 3884.54 3870.81 3714.68 3702.14 3846.13 6934.53 7472.67 8531.91 9100.43 8178.23 6522.39 3970 4434.13 5469.06 5100 7265.72 8782.51 9934.3 9416.26 8468.37 7997.51 5537.62 5438.6 5447.14 5554.79 6056.09 5725 7717.27 9159.59 11008.1 9266.8 7844.21 6212.58 5895 6217.05 6336.54 6242.38 6234.93 6321.49 8558.98 9000.52 9897.57 10391.6 9676.41 8324.12 6520 6812.56 7900.83 7650 9235.97 10471.2 11523.2 11079.7 10286.2 9902.21 8047.28 7979.46 7985.29 8059.11 8507.42 8275 9759.93 10936.1 12542.4 11065.3 9904.48 8644.63 8445 8672.87 8850.15 8782.98 8777.69 8839.38 10556 10917.1 11667.7 12089.7 9282.54 9070 10442.5 11549.3 
9125 7150 1975 0 10311.7 9686.96 8495.66 7871.11 3172.18 2550.91 1375.39 779.311 625 2071.53 4234.94 7177.26 9146.38 11347.2 9159.57 7194.06 2129 795 1320.35 1740.03 2764.62 3346.45 7942.94 8562.25 9745.42 10366.6 9234.83 7289.64 2432.49 1420 2550 3225.39 7591.11 9474.6 10696.4 10095.6 8958.78 8368.86 4259.84 3819.77 3158.35 2948.02 3175 3739.15 5297 7823.24 9661.59 11784.9 9718.78 7893.76 3884.54 3345 3729.19 3897.59 4450.46 4833.45 8674.9 9245.31 10350.7 10937.5 9951.21 8178.23 4434.13 3970 5100 5469.06 8782.51 10453.5 11640.5 11091 10067.2 9546.01 6263.76 5973.2 5573.48 5457.04 5725 6056.09 9159.59 10772.2 12728.4 10863.5 9266.8 7154.49 6217.05 5895 6251.03 6352.93 6706.35 6966.4 10021.1 10518.8 11502.4 12033.2 11215 9676.41 6812.56 6520 7650 7900.83 10471.2 11907.5 13022.9 12534.1 11637.9 11190.2 8563.19 8353 8072 7992.05 8275 8507.42 10936.1 12318.3 14076.4 12433.2 11065.3 9344.53 8672.87 8445 8789.13 8861.9 9118.59 9311.51 11772.7 12199.1 13056.8 13526.7 9070 9282.54 11549.3 12865.9 
1221.98 3172.18 8337.76 10311.7 0 625 1817 2442 7150 7775 8967 9592 10311.8 8337.95 6145.03 3172.68 1223.25 1093.77 1277.63 3194.04 8346.1 10318.4 9625.3 9002.62 7816.05 7194.62 2569.7 1985.32 1015.2 800 1621.49 3346.45 8405.61 10366.6 10547.6 8627.85 3870.95 2532.73 2550 2625.48 3131.13 3530.7 7591.11 8182.49 9322.53 9925.17 10697.8 8810.81 6804.7 4263.2 3099.25 3120.71 3257.05 4379.25 8867.55 10744.6 10160.2 9572.33 8466 7895.89 4145.58 3811.04 3407.8 3350 3846.13 4833.45 9100.43 10937.5 11365.7 9610.74 5736.79 4933.68 5100 5138.15 5414.01 5654.5 8782.51 9298.42 10315.9 10863.5 11642.9 9937.02 6268.08 5542.5 5593.42 5708.71 6415.52 8237.2 10030.7 11722.9 11261.3 10733.9 9760.15 9269.98 6385.4 6173.45 5933.01 5900 6321.49 6966.4 10391.6 12033.2 12653.5 11104 7990.13 7434.56 7650 7675.49 7862.82 8030.31 10471.2 10907.5 11786.8 12269 13026 11526.6 8567.84 8052.23 8114.11 8220.42 8726.1 10119.5 11644.8 13130.6 12783.2 12321.1 11482.7 11069.1 8795.79 8643.15 8473.08 8450 13526.7 12089.7 9311.51 8839.38 
637.455 2550.91 7713.23 9686.96 625 0 1192 1817 6525 7150 8342 8967 9687.12 7713.43 5521.51 2551.52 639.902 1690.99 738.562 2578.03 7722.25 9694.14 9002.62 8380.27 7194.62 6573.86 1985.32 1435.57 800 1015.2 1241.91 2764.62 7786.52 9745.42 9937.74 8025.92 3380.62 2308.21 2625.48 2550 2814.85 3131.13 7005.58 7591.11 8723.04 9322.53 10097 8222.29 6247.36 3823.51 2918.64 3376.68 3085.69 3952.5 8283.06 10146.5 9572.33 8989.52 7895.89 7334.72 3811.04 3555.75 3350 3407.8 3702.14 4450.46 8531.91 10350.7 10802.1 9074.25 5418.04 4822.28 5138.15 5100 5237.45 5414.01 8281.64 8782.51 9777.47 10315.9 11093.4 9419.13 5977.73 5443.57 5740.16 5612.71 6132.15 7783.13 9517.88 11177.4 10733.9 10217.6 9269.98 8796.91 6173.45 6019.21 5900 5933.01 6234.93 6706.35 9897.57 11502.4 12149.8 10643 7764.45 7361.1 7675.49 7650 7742.31 7862.82 10054.8 10471.2 11318.6 11786.8 12537.2 11083.3 8357.77 7984.45 8215.96 8154.05 8519.93 9753.44 11206.1 12645.9 12321.1 11874 11069.1 10676.1 8643.15 8533.66 8450 8473.08 13056.8 11667.7 9118.59 8777.69 
706.629 1375.39 6522.37 8495.66 1817 1192 0 625 5333 5958 7150 7775 8495.84 6522.61 4333.5 1376.53 708.837 2863.08 799.031 1425.07 6533.03 8503.84 7816.05 7194.62 6011.47 5392.67 1015.2 800 1435.57 1985.32 1278.8 1740.03 6608.88 8562.25 8780.53 6889.33 2610.21 2328.27 3131.13 2814.85 2550 2625.48 5911.29 6480.76 7591.11 8182.49 8960.38 7117.12 5227.02 3162.88 2934.53 4091.42 3100.72 3317.65 7187.24 9016.17 8466 7895.89 6835.22 6297.89 3407.8 3350 3555.75 3811.04 3714.68 3897.59 7472.67 9245.31 9748.04 8086.37 4973.9 4831.91 5414.01 5237.45 5100 5138.15 7379.08 7842.69 8782.51 9298.42 10069.9 8471.57 5578.34 5452.11 6187.67 5620.98 5743.5 6990.65 8581.23 10162.3 9760.15 9269.98 8384.97 7953.04 5933.01 5900 6019.21 6173.45 6242.38 6352.93 9000.52 10518.8 11223 9814.32 7461.31 7367.42 7862.82 7742.31 7650 7675.49 9325.42 9696.4 10471.2 10907.5 11641.4 10290.1 8076.93 7990.27 8534.62 8159.75 8244.62 9133.55 10422.3 11758.3 11482.7 11069.1 10339.3 9992.17 8473.08 8450 8533.66 8643.15 12199.1 10917.1 8861.9 8782.98 
1297.57 779.311 5898.15 7871.11 2442 1817 625 0 4708 5333 6525 7150 7871.31 5898.42 3711.62 781.313 1298.78 3483.04 1350.12 863.973 5909.93 7879.94 7194.62 6573.86 5392.67 4775.49 800 1015.2 1985.32 2569.7 1679.2 1320.35 5993.68 7942.94 8177.76 6301.56 2351.35 2570.06 3530.7 3131.13 2625.48 2550 5354.23 5911.29 7005.58 7591.11 8370.57 6549.83 4724.26 2952.87 3129.83 4546.88 3286.16 3118.08 6625.96 8430.27 7895.89 7334.72 6297.89 5778.21 3350 3407.8 3811.04 4145.58 3870.81 3729.19 6934.53 8674.9 9208.82 7591.85 4843.07 4952.95 5654.5 5414.01 5138.15 5100 6940.84 7379.08 8281.64 8782.51 9548.85 8000.9 5462 5559.66 6497.82 5725.37 5630.58 6623.15 8116.92 9646.27 9269.98 8796.91 7953.04 7548.2 5900 5933.01 6173.45 6385.4 6336.54 6251.03 8558.98 10021.1 10758 9411.04 7374.74 7447.36 8030.31 7862.82 7675.49 7650 8982.64 9325.42 10054.8 10471.2 11193.7 9906.23 7997.03 8064.05 8762.08 8232 8166.36 8855.43 10043.4 11315.3 11069.1 10676.1 9992.17 9673.04 8450 8473.08 8643.15 8795.79 11772.7 10556 8789.13 8850.15 
5976.05 4005.02 1221.98 3172.18 7150 6525 5333 4708 0 625 1817 2442 3172.68 1223.25 1093.77 4005.41 5976.31 8177.79 5987.67 4022.35 1277.63 3194.04 2569.7 1985.32 1015.2 800 4775.49 5392.67 6573.86 7194.62 6070.35 4144.41 1621.49 3346.45 3870.95 2532.73 4578.39 6374.53 7591.11 7005.58 5911.29 5354.23 2550 2625.48 3131.13 3530.7 4263.2 3099.25 3120.71 4914.5 6620.06 8684.4 6695.39 5015.5 3257.05 4379.25 4145.58 3811.04 3407.8 3350 5778.21 6297.89 7334.72 7895.89 7000.9 5416.61 3846.13 4833.45 5736.79 4933.68 6236.04 7652.52 8782.51 8281.64 7379.08 6940.84 5100 5138.15 5414.01 5654.5 6268.08 5542.5 6728.02 8058.49 9847.14 8173.69 6865.59 5593.42 5708.71 6415.52 6385.4 6173.45 5933.01 5900 7548.2 7953.04 8796.91 9269.98 8612.85 7382.96 6321.49 6966.4 7990.13 7434.56 8355.82 9460.05 10471.2 10054.8 9325.42 8982.64 7650 7675.49 7862.82 8030.31 8567.84 8052.23 8909.84 9952.8 11468.2 10089.4 9062.13 8114.11 8220.42 8726.1 8795.79 8643.15 8473.08 8450 9673.04 9992.17 10676.1 11069.1 9311.51 8839.38 9627.13 10599.7 
6600.28 4628.39 637.455 2550.91 7775 7150 5958 5333 625 0 1192 1817 2551.52 639.902 1690.99 4628.73 6600.52 8802.09 6610.81 4643.4 738.562 2578.03 1985.32 1435.57 800 1015.2 5392.67 6011.47 7194.62 7816.05 6685.79 4749.53 1241.91 2764.62 3380.62 2308.21 5132.59 6963.13 8182.49 7591.11 6480.76 5911.29 2625.48 2550 2814.85 3131.13 3823.51 2918.64 3376.68 5434.53 7188.59 9274.66 7258.02 5526.04 3085.69 3952.5 3811.04 3555.75 3350 3407.8 6297.89 6835.22 7895.89 8466 7540.77 5892.5 3702.14 4450.46 5418.04 4822.28 6653.57 8149.34 9298.42 8782.51 7842.69 7379.08 5138.15 5100 5237.45 5414.01 5977.73 5443.57 7116.75 8531.7 10371.4 8640.59 7246.94 5740.16 5612.71 6132.15 6173.45 6019.21 5900 5933.01 7953.04 8384.97 9269.98 9760.15 9057.14 7738.86 6234.93 6706.35 7764.45 7361.1 8671.88 9866.27 10907.5 10471.2 9696.4 9325.42 7675.49 7650 7742.31 7862.82 8357.77 7984.45 9206.91 10339.7 11921.4 10471.2 9354.37 8215.96 8154.05 8519.93 8643.15 8533.66 8450 8473.08 9992.17 10339.3 11069.1 11482.7 9118.59 8777.69 9902.7 10963.8 
7791.17 5818.26 706.629 1375.39 8967 8342 7150 6525 1817 1192 0 625 1376.53 708.837 2863.08 5818.53 7791.37 9993.01 7800.09 5830.21 799.031 1425.07 1015.2 800 1435.57 1985.32 6573.86 7194.62 8380.27 9002.62 7863.73 5915.08 1278.8 1740.03 2610.21 2328.27 6226.85 8100.85 9322.53 8723.04 7591.11 7005.58 3131.13 2814.85 2550 2625.48 3162.88 2934.53 4091.42 6477.99 8295.45 10411.7 8355.68 6554.95 3100.72 3317.65 3407.8 3350 3555.75 3811.04 7334.72 7895.89 8989.52 9572.33 8602.43 6866.71 3714.68 3897.59 4973.9 4831.91 7529.95 9140.59 10315.9 9777.47 8782.51 8281.64 5414.01 5237.45 5100 5138.15 5578.34 5452.11 7942.19 9483.06 11399.6 9581.15 8059.05 6187.67 5620.98 5743.5 5933.01 5900 6019.21 6173.45 8796.91 9269.98 10217.6 10733.9 9958.43 8504.13 6242.38 6352.93 7461.31 7367.42 9361.18 10699.6 11786.8 11318.6 10471.2 10054.8 7862.82 7742.31 7650 7675.49 8076.93 7990.27 9858.87 11137.7 12825.9 11259.9 9996.72 8534.62 8159.75 8244.62 8473.08 8450 8533.66 8643.15 10676.1 11069.1 11874 12321.1 8861.9 8782.98 10511.6 11719.4 
8415.71 6442.46 1297.57 779.311 9592 8967 7775 7150 2442 1817 625 0 781.313 1298.78 3483.04 6442.71 8415.9 10617.5 8423.97 6453.25 1350.12 863.973 800 1015.2 1985.32 2569.7 7194.62 7816.05 9002.62 9625.3 8482.94 6530.03 1679.2 1320.35 2351.35 2570.06 6813.72 8703.2 9925.17 9322.53 8182.49 7591.11 3530.7 3131.13 2625.48 2550 2952.87 3129.83 4546.88 7043.97 8884.61 11012.5 8940.88 7114.8 3286.16 3118.08 3350 3407.8 3811.04 4145.58 7895.89 8466 9572.33 10160.2 9171.9 7403.03 3870.81 3729.19 4843.07 4952.95 8022.05 9678.44 10863.5 10315.9 9298.42 8782.51 5654.5 5414.01 5138.15 5100 5462 5559.66 8410.2 10002.5 11950.8 10095.6 8520.65 6497.82 5725.37 5630.58 5900 5933.01 6173.45 6385.4 9269.98 9760.15 10733.9 11261.3 10454.3 8942.78 6336.54 6251.03 7374.74 7447.36 9761.39 11162.6 12269 11786.8 10907.5 10471.2 8030.31 7862.82 7675.49 7650 7997.03 8064.05 10239.7 11583.1 13318.2 11700.7 10372.4 8762.08 8232 8166.36 8450 8473.08 8643.15 8795.79 11069.1 11482.7 12321.1 12783.2 8789.13 8850.15 10869.5 12143.5 
9146.38 7177.26 2071.53 625 10311.8 9687.12 8495.84 7871.31 3172.68 2551.52 1376.53 781.313 0 1975 4175.87 7150 9125 11325.3 9126.58 7152.02 1982.3 170 863.973 1425.07 2578.03 3194.04 7879.94 8503.84 9694.14 10318.4 9159.57 7194.06 2129 795 1925 2757.94 7404.6 9325.84 10546.5 9936.62 8779.26 8176.4 3868.06 3377.31 2605.92 2346.58 2550 3225.39 4936.99 7591.11 9474.6 11627.5 9521.77 7649.9 3361.4 2720 3118.08 3317.65 3952.5 4379.25 8430.27 9016.17 10146.5 10744.6 9718.78 7893.76 3884.54 3345 4475 4891.45 8434.93 10163.2 11363.6 10799.9 9745.58 9206.22 5732.61 5413.62 4969.09 4838.12 5100 5469.06 8782.51 10453.5 12455.5 10537.5 8882.31 6656.94 5627.92 5270 5630.58 5743.5 6132.15 6415.52 9646.27 10162.3 11177.4 11722.9 10863.5 9266.8 6217.05 5895 7025 7297.35 10023.6 11515.9 12650.6 12146.7 11219.7 10754.6 7985.54 7759.72 7456.39 7369.77 7650 7900.83 10471.2 11907.5 13714.4 12017.4 10596 8789.82 8065.55 7820 8166.36 8244.62 8519.93 8726.1 11315.3 11758.3 12645.9 13130.6 8445 8672.87 11065.3 12433.2 
7177.26 5212.6 625 2071.53 8337.95 7713.43 6522.61 5898.42 1223.25 639.902 708.837 1298.78 1975 0 2201.64 5175 7150 9350.39 7152.02 5177.79 170 1982.3 1350.12 799.031 738.562 1277.63 5909.93 6533.03 7722.25 8346.1 7194.06 5235.71 795 2129 2757.94 1925 5521.44 7404.6 8626.55 8024.53 6887.7 6299.79 2528.31 2303.36 2323.46 2565.7 3225.39 2550 3432.67 5769.15 7591.11 9714.2 7649.9 5846.28 2720 3361.4 3286.16 3100.72 3085.69 3257.05 6625.96 7187.24 8283.06 8867.55 7893.76 6161.95 3345 3884.54 4891.45 4475 6841.51 8434.93 9608.25 9071.61 8083.41 7588.7 4928.83 4817.31 4826.95 4948.11 5469.06 5100 7265.72 8782.51 10691.4 8882.31 7386.04 5632.43 5270 5627.92 5725.37 5620.98 5612.71 5708.71 8116.92 8581.23 9517.88 10030.7 9266.8 7844.21 5895 6217.05 7297.35 7025 8725.32 10023.6 11100.7 10639.6 9810.58 9407.14 7429.63 7356.12 7362.44 7442.43 7900.83 7650 9235.97 10471.2 12134.8 10596 9377.26 8041.78 7820 8065.55 8232 8159.75 8154.05 8220.42 10043.4 10422.3 11206.1 11644.8 8672.87 8445 9904.48 11065.3 
5000.66 3058.55 2311.73 4234.94 6145.03 5521.51 4333.5 3711.62 1093.77 1690.99 2863.08 3483.04 4175.87 2201.64 0 2976.21 4950.73 7150 4950.73 2976.21 2201.64 4175.87 3483.04 2863.08 1690.99 1093.77 3711.62 4333.5 5521.51 6145.03 5000.66 3058.55 2311.73 4234.94 4562.48 2868.03 3498.03 5280.92 6497.99 5911.81 4820.97 4270.67 2378.83 2705.91 3558.05 4073.59 4848.39 3303.97 2550 3863.53 5529.8 7591.11 5607.65 3974.15 3432.67 4936.99 4546.88 4091.42 3376.68 3120.71 4724.26 5227.02 6247.36 6804.7 5927.07 4413.41 3932.89 5297 6058.28 4910.41 5303.09 6616.24 7726.02 7239.96 6380.38 5975.46 4808.98 4978.9 5488.83 5836.23 6525.4 5476.33 5831.02 7046.47 8782.51 7168.45 5977.86 5100 5632.43 6656.94 6497.82 6187.67 5740.16 5593.42 6623.15 6990.65 7783.13 8237.2 7632.73 6527.38 6212.58 7154.49 8099.03 7280.36 7550.78 8524.44 9495.47 9104.37 8436.93 8135.02 7321.12 7433.84 7784.58 8033.31 8640.59 7878.4 8128.95 9040.56 10471.2 9183.29 8287.39 7650 8041.78 8789.82 8762.08 8534.62 8215.96 8114.11 8855.43 9133.55 9753.44 10119.5 9344.53 8644.63 8873.57 9715.56 
2071.53 625 5212.6 7177.26 3172.68 2551.52 1376.53 781.313 4005.41 4628.73 5818.53 6442.71 7150 5175 2976.21 0 1975 4175.87 1982.3 170 5177.79 7152.02 6453.25 5830.21 4643.4 4022.35 863.973 1425.07 2578.03 3194.04 2129 795 5235.71 7194.06 7404.6 5521.44 1925 2757.94 3868.06 3377.31 2605.92 2346.58 4575.95 5130.41 6225.06 6812.08 7591.11 5769.15 3974.15 2550 3225.39 4936.99 3361.4 2720 5846.28 7649.9 7114.8 6554.95 5526.04 5015.5 3118.08 3317.65 3952.5 4379.25 3884.54 3345 6161.95 7893.76 8434.93 6841.51 4475 4891.45 5732.61 5413.62 4969.09 4838.12 6232.2 6649.97 7526.77 8019.07 8782.51 7265.72 5100 5469.06 6656.94 5627.92 5270 5977.86 7386.04 8882.31 8520.65 8059.05 7246.94 6865.59 5630.58 5743.5 6132.15 6415.52 6217.05 5895 7844.21 9266.8 10023.6 8725.32 7025 7297.35 7985.54 7759.72 7456.39 7369.77 8351.42 8667.65 9357.26 9757.64 10471.2 9235.97 7650 7900.83 8789.82 8065.55 7820 8287.39 9377.26 10596 10372.4 9996.72 9354.37 9062.13 8166.36 8244.62 8519.93 8726.1 11065.3 9904.48 8445 8672.87 
625 2071.53 7177.26 9146.38 1223.25 639.902 708.837 1298.78 5976.31 6600.52 7791.37 8415.9 9125 7150 4950.73 1975 0 2201.64 170 1982.3 7152.02 9126.58 8423.97 7800.09 6610.81 5987.67 1350.12 799.031 738.562 1277.63 795 2129 7194.06 9159.57 9325.84 7404.6 2757.94 1925 2528.31 2303.36 2323.46 2565.7 6372.77 6961.53 8099.47 8701.92 9474.6 7591.11 5607.65 3225.39 2550 3432.67 2720 3361.4 7649.9 9521.77 8940.88 8355.68 7258.02 6695.39 3286.16 3100.72 3085.69 3257.05 3345 3884.54 7893.76 9718.78 10163.2 8434.93 4891.45 4475 4928.83 4817.31 4826.95 4948.11 7649.4 8146.4 9137.97 9675.97 10453.5 8782.51 5469.06 5100 5632.43 5270 5627.92 7168.45 8882.31 10537.5 10095.6 9581.15 8640.59 8173.69 5725.37 5620.98 5612.71 5708.71 5895 6217.05 9266.8 10863.5 11515.9 10023.6 7297.35 7025 7429.63 7356.12 7362.44 7442.43 9456.18 9862.55 10696.2 11159.3 11907.5 10471.2 7900.83 7650 8041.78 7820 8065.55 9183.29 10596 12017.4 11700.7 11259.9 10471.2 10089.4 8232 8159.75 8154.05 8220.42 12433.2 11065.3 8672.87 8445 
2311.73 4234.94 9376.92 11347.2 1093.77 1690.99 2863.08 3483.04 8177.79 8802.09 9993.01 10617.5 11325.3 9350.39 7150 4175.87 2201.64 0 2201.64 4175.87 9350.39 11325.3 10617.5 9993.01 8802.09 8177.79 3483.04 2863.08 1690.99 1093.77 2311.73 4234.94 9376.92 11347.2 11473.5 9529.33 4562.48 2868.03 2378.83 2705.91 3558.05 4073.59 8446.23 9052.04 10213.8 10825.6 11590.2 9669.47 7591.11 4848.39 3303.97 2550 3432.67 4936.99 9714.2 11627.5 11012.5 10411.7 9274.66 8684.4 4546.88 4091.42 3376.68 3120.71 3932.89 5297 9902.03 11784.9 12146.1 10329.3 6058.28 4910.41 4808.98 4978.9 5488.83 5836.23 9423.71 9970.3 11035.9 11604.4 12385.7 10610 6525.4 5476.33 5100 5632.43 6656.94 8782.51 10691.4 12455.5 11950.8 11399.6 10371.4 9847.14 6497.82 6187.67 5740.16 5593.42 6212.58 7154.49 11008.1 12728.4 13282.3 11644.1 8099.03 7280.36 7321.12 7433.84 7784.58 8033.31 10921.5 11396.5 12339.5 12850.5 13619.3 12027.1 8640.59 7878.4 7650 8041.78 8789.82 10471.2 12134.8 13714.4 13318.2 12825.9 11921.4 11468.2 8762.08 8534.62 8215.96 8114.11 14076.4 12542.4 9344.53 8644.63 
795 2129 7194.06 9159.57 1277.63 738.562 799.031 1350.12 5987.67 6610.81 7800.09 8423.97 9126.58 7152.02 4950.73 1982.3 170 2201.64 0 1975 7150 9125 8415.9 7791.37 6600.52 5976.31 1298.78 708.837 639.902 1223.25 625 2071.53 7177.26 9146.38 9292.24 7362.24 2642.09 1755 2379.36 2138.8 2160.43 2419.05 6315.16 6908.83 8054.22 8659.81 9430.27 7535.71 5529.8 3092.74 2380 3303.97 2550 3225.39 7591.11 9474.6 8884.61 8295.45 7188.59 6620.06 3129.83 2934.53 2918.64 3099.25 3175 3739.15 7823.24 9661.59 10089.5 8345.99 4736.42 4305 4763.96 4648.49 4658.48 4783.91 7544.22 8047.72 9050.11 9593.04 10371.6 8684.89 5310.89 4930 5476.33 5100 5469.06 7046.47 8782.51 10453.5 10002.5 9483.06 8531.7 8058.49 5559.66 5452.11 5443.57 5542.5 5725 6056.09 9159.59 10772.2 11413 9905.23 7133.84 6855 7261.84 7186.62 7193.08 7274.95 9324.93 9736.78 10580.3 11048.3 11799 10347.6 7736.34 7480 7878.4 7650 7900.83 9040.56 10471.2 11907.5 11583.1 11137.7 10339.7 9952.8 8064.05 7990.27 7984.45 8052.23 12318.3 10936.1 8507.42 8275 
2129 795 5235.71 7194.06 3194.04 2578.03 1425.07 863.973 4022.35 4643.4 5830.21 6453.25 7152.02 5177.79 2976.21 170 1982.3 4175.87 1975 0 5175 7150 6442.71 5818.53 4628.73 4005.41 781.313 1376.53 2551.52 3172.68 2071.53 625 5212.6 7177.26 7362.24 5464.49 1755 2642.09 3772.38 3267.3 2461.67 2185.28 4495.36 5058.67 6166.06 6758.21 7535.71 5696.05 3863.53 2380 3092.74 4848.39 3225.39 2550 5769.15 7591.11 7043.97 6477.99 5434.53 4914.5 2952.87 3162.88 3823.51 4263.2 3739.15 3175 6071.35 7823.24 8345.99 6731.54 4305 4736.42 5591.5 5263.96 4805.6 4670.06 6102.64 6528.72 7419.86 7918.8 8684.89 7147.41 4930 5310.89 6525.4 5469.06 5100 5831.02 7265.72 8782.51 8410.2 7942.19 7116.75 6728.02 5462 5578.34 5977.73 6268.08 6056.09 5725 7717.27 9159.59 9905.23 8589.04 6855 7133.84 7829.68 7599.23 7289.23 7200.59 8202.52 8524.27 9224.6 9630.5 10347.6 9095.66 7480 7736.34 8640.59 7900.83 7650 8128.95 9235.97 10471.2 10239.7 9858.87 9206.91 8909.84 7997.03 8076.93 8357.77 8567.84 10936.1 9759.93 8275 8507.42 
7194.06 5235.71 795 2129 8346.1 7722.25 6533.03 5909.93 1277.63 738.562 799.031 1350.12 1982.3 170 2201.64 5177.79 7152.02 9350.39 7150 5175 0 1975 1298.78 708.837 639.902 1223.25 5898.42 6522.61 7713.43 8337.95 7177.26 5212.6 625 2071.53 2642.09 1755 5464.49 7362.24 8584.08 7978.85 6834.43 6241.5 2379.36 2138.8 2160.43 2419.05 3092.74 2380 3303.97 5696.05 7535.71 9669.47 7591.11 5769.15 2550 3225.39 3129.83 2934.53 2918.64 3099.25 6549.83 7117.12 8222.29 8810.81 7823.24 6071.35 3175 3739.15 4736.42 4305 6731.54 8345.99 9524.73 8983.1 7983.95 7482.67 4763.96 4648.49 4658.48 4783.91 5310.89 4930 7147.41 8684.89 10610 8782.51 7265.72 5476.33 5100 5469.06 5559.66 5452.11 5443.57 5542.5 8000.9 8471.57 9419.13 9937.02 9159.59 7717.27 5725 6056.09 7133.84 6855 8589.04 9905.23 10989.1 10523.1 9684.13 9275.2 7261.84 7186.62 7193.08 7274.95 7736.34 7480 9095.66 10347.6 12027.1 10471.2 9235.97 7878.4 7650 7900.83 8064.05 7990.27 7984.45 8052.23 9906.23 10290.1 11083.3 11526.6 8507.42 8275 9759.93 10936.1 
9159.57 7194.06 2129 795 10318.4 9694.14 8503.84 7879.94 3194.04 2578.03 1425.07 863.973 170 1982.3 4175.87 7152.02 9126.58 11325.3 9125 7150 1975 0 781.313 1376.53 2551.52 3172.68 7871.31 8495.84 9687.12 10311.8 9146.38 7177.26 2071.53 625 1755 2642.09 7362.24 9292.24 10511.8 9899.77 8737.52 8131.57 3772.38 3267.3 2461.67 2185.28 2380 3092.74 4848.39 7535.71 9430.27 11590.2 9474.6 7591.11 3225.39 2550 2952.87 3162.88 3823.51 4263.2 8370.57 8960.38 10097 10697.8 9661.59 7823.24 3739.15 3175 4305 4736.42 8345.99 10089.5 11293 10725.6 9663.25 9119.02 5591.5 5263.96 4805.6 4670.06 4930 5310.89 8684.89 10371.6 12385.7 10453.5 8782.51 6525.4 5469.06 5100 5462 5578.34 5977.73 6268.08 9548.85 10069.9 11093.4 11642.9 10772.2 9159.59 6056.09 5725 6855 7133.84 9905.23 11413 12552.7 12044.8 11109.3 10639.3 7829.68 7599.23 7289.23 7200.59 7480 7736.34 10347.6 11799 13619.3 11907.5 10471.2 8640.59 7900.83 7650 7997.03 8076.93 8357.77 8567.84 11193.7 11641.4 12537.2 13026 8275 8507.42 10936.1 12318.3 
8482.94 6530.03 1679.2 1320.35 9625.3 9002.62 7816.05 7194.62 2569.7 1985.32 1015.2 800 863.973 1350.12 3483.04 6453.25 8423.97 10617.5 8415.9 6442.71 1298.78 781.313 0 625 1817 2442 7150 7775 8967 9592 8415.71 6442.46 1297.57 779.311 1607.74 1913.43 6594.15 8532.39 9750.33 9136.17 7969.51 7361.05 3004.31 2522.69 1858.26 1750 2185.28 2419.05 4073.59 6758.21 8659.81 10825.6 8701.92 6812.08 2565.7 2346.58 2550 2625.48 3131.13 3530.7 7591.11 8182.49 9322.53 9925.17 8883 7041.93 3125.25 2948.02 4053.56 4184.22 7571.61 9308.5 10511.7 9944.7 8884.85 8343.41 4945.03 4668.14 4345.18 4300 4670.06 4783.91 7918.8 9593.04 11604.4 9675.97 8019.07 5836.23 4948.11 4838.12 5100 5138.15 5414.01 5654.5 8782.51 9298.42 10315.9 10863.5 9999.81 8406.98 5554.79 5457.04 6578.97 6660.27 9175.01 10653.6 11786.8 11284 10362.1 9901.77 7272.27 7086.89 6878.45 6850 7200.59 7274.95 9630.5 11048.3 12850.5 11159.3 9757.64 8033.31 7442.43 7369.77 7650 7675.49 7862.82 8030.31 10471.2 10907.5 11786.8 12269 7992.05 8059.11 10235.8 11579.7 
7863.73 5915.08 1278.8 1740.03 9002.62 8380.27 7194.62 6573.86 1985.32 1435.57 800 1015.2 1425.07 799.031 2863.08 5830.21 7800.09 9993.01 7791.37 5818.53 708.837 1376.53 625 0 1192 1817 6525 7150 8342 8967 7791.17 5818.26 706.629 1375.39 1967.03 1573.79 5985.79 7917.06 9136.17 8523.58 7361.05 6755.6 2522.69 2117.4 1750 1858.26 2461.67 2160.43 3558.05 6166.06 8054.22 10213.8 8099.47 6225.06 2323.46 2605.92 2625.48 2550 2814.85 3131.13 7005.58 7591.11 8723.04 9322.53 8293.72 6475.78 2929.65 3158.35 4209 4040.21 7048.13 8747.93 9944.7 9385.04 8343.41 7814.45 4668.14 4462.16 4300 4345.18 4805.6 4658.48 7419.86 9050.11 11035.9 9137.97 7526.77 5488.83 4826.95 4969.09 5138.15 5100 5237.45 5414.01 8281.64 8782.51 9777.47 10315.9 9480.21 7938.78 5447.14 5573.48 6675.87 6570.76 8748.01 10167.5 11284 10794 9901.77 9460.34 7086.89 6952.94 6850 6878.45 7289.23 7193.08 9224.6 10580.3 12339.5 10696.2 9357.26 7784.58 7362.44 7456.39 7675.49 7650 7742.31 7862.82 10054.8 10471.2 11318.6 11786.8 8072 7985.29 9854.83 11134.1 
6685.79 4749.53 1241.91 2764.62 7816.05 7194.62 6011.47 5392.67 1015.2 800 1435.57 1985.32 2578.03 738.562 1690.99 4643.4 6610.81 8802.09 6600.52 4628.73 639.902 2551.52 1817 1192 0 625 5333 5958 7150 7775 6600.28 4628.39 637.455 2550.91 2912.84 1543.97 4837.31 6748.43 7969.51 7361.05 6209.69 5612.79 1858.26 1750 2117.4 2522.69 3267.3 2138.8 2705.91 5058.67 6908.83 9052.04 6961.53 5130.41 2303.36 3377.31 3131.13 2814.85 2550 2625.48 5911.29 6480.76 7591.11 8182.49 7186.6 5431.9 2913.73 3819.77 4725.58 4028.69 6102.95 7706.34 8884.85 8343.41 7347.64 6850.61 4345.18 4300 4462.16 4668.14 5263.96 4648.49 6528.72 8047.72 9970.3 8146.4 6649.97 4978.9 4817.31 5413.62 5414.01 5237.45 5100 5138.15 7379.08 7842.69 8782.51 9298.42 8528.53 7112.95 5438.6 5973.2 7013.03 6563.68 8006.09 9286.51 10362.1 9901.77 9078.56 8681.21 6878.45 6850 6952.94 7086.89 7599.23 7186.62 8524.27 9736.78 11396.5 9862.55 8667.65 7433.84 7356.12 7759.72 7862.82 7742.31 7650 7675.49 9325.42 9696.4 10471.2 10907.5 8353 7979.46 9202.58 10335.8 
6070.35 4144.41 1621.49 3346.45 7194.62 6573.86 5392.67 4775.49 800 1015.2 1985.32 2569.7 3194.04 1277.63 1093.77 4022.35 5987.67 8177.79 5976.31 4005.41 1223.25 3172.68 2442 1817 625 0 4708 5333 6525 7150 5976.05 4005.02 1221.98 3172.18 3469.91 1862.99 4244.72 6139.27 7361.05 6755.6 5612.79 5022.72 1750 1858.26 2522.69 3004.31 3772.38 2379.36 2378.83 4495.36 6315.16 8446.23 6372.77 4575.95 2528.31 3868.06 3530.7 3131.13 2625.48 2550 5354.23 5911.29 7005.58 7591.11 6617.9 4911.58 3094.63 4259.84 5087.9 4161.4 5644.83 7178.94 8343.41 7814.45 6850.61 6376.15 4300 4345.18 4668.14 4945.03 5591.5 4763.96 6102.64 7544.22 9423.71 7649.4 6232.2 4808.98 4928.83 5732.61 5654.5 5414.01 5138.15 5100 6940.84 7379.08 8281.64 8782.51 8055.13 6724 5537.62 6263.76 7262.11 6645.96 7662.61 8853.74 9901.77 9460.34 8681.21 8311.9 6850 6878.45 7086.89 7272.27 7829.68 7261.84 8202.52 9324.93 10921.5 9456.18 8351.42 7321.12 7429.63 7985.54 8030.31 7862.82 7675.49 7650 8982.64 9325.42 10054.8 10471.2 8563.19 8047.28 8905.37 9948.8 
1679.2 1320.35 5993.68 7942.94 2569.7 1985.32 1015.2 800 4775.49 5392.67 6573.86 7194.62 7879.94 5909.93 3711.62 863.973 1350.12 3483.04 1298.78 781.313 5898.42 7871.31 7150 6525 5333 4708 0 625 1817 2442 1297.57 779.311 5898.15 7871.11 7995.74 6063.47 1607.74 1913.43 3004.31 2522.69 1858.26 1750 5022.72 5612.79 6755.6 7361.05 8131.57 6241.5 4270.67 2185.28 2419.05 4073.59 2565.7 2346.58 6299.79 8176.4 7591.11 7005.58 5911.29 5354.23 2550 2625.48 3131.13 3530.7 3125.25 2948.02 6547.65 8368.86 8819.2 7114.23 4053.56 4184.22 4945.03 4668.14 4345.18 4300 6376.15 6850.61 7814.45 8343.41 9119.02 7482.67 4670.06 4783.91 5836.23 4948.11 4838.12 5975.46 7588.7 9206.22 8782.51 8281.64 7379.08 6940.84 5100 5138.15 5414.01 5654.5 5554.79 5457.04 7997.51 9546.01 10228.9 8801.35 6578.97 6660.27 7272.27 7086.89 6878.45 6850 8311.9 8681.21 9460.34 9901.77 10639.3 9275.2 7200.59 7274.95 8033.31 7442.43 7369.77 8135.02 9407.14 10754.6 10471.2 10054.8 9325.42 8982.64 7650 7675.49 7862.82 8030.31 11190.2 9902.21 7992.05 8059.11 
1278.8 1740.03 6608.88 8562.25 1985.32 1435.57 800 1015.2 5392.67 6011.47 7194.62 7816.05 8503.84 6533.03 4333.5 1425.07 799.031 2863.08 708.837 1376.53 6522.61 8495.84 7775 7150 5958 5333 625 0 1192 1817 706.629 1375.39 6522.37 8495.66 8611.25 6672.24 1967.03 1573.79 2522.69 2117.4 1750 1858.26 5612.79 6209.69 7361.05 7969.51 8737.52 6834.43 4820.97 2461.67 2160.43 3558.05 2323.46 2605.92 6887.7 8779.26 8182.49 7591.11 6480.76 5911.29 2625.48 2550 2814.85 3131.13 2929.65 3158.35 7115.11 8958.78 9380.84 7639.72 4209 4040.21 4668.14 4462.16 4300 4345.18 6850.61 7347.64 8343.41 8884.85 9663.25 7983.95 4805.6 4658.48 5488.83 4826.95 4969.09 6380.38 8083.41 9745.58 9298.42 8782.51 7842.69 7379.08 5138.15 5100 5237.45 5414.01 5447.14 5573.48 8468.37 10067.2 10716.9 9231.3 6675.87 6570.76 7086.89 6952.94 6850 6878.45 8681.21 9078.56 9901.77 10362.1 11109.3 9684.13 7289.23 7193.08 7784.58 7362.44 7456.39 8436.93 9810.58 11219.7 10907.5 10471.2 9696.4 9325.42 7675.49 7650 7742.31 7862.82 11637.9 10286.2 8072 7985.29 
1241.91 2764.62 7786.52 9745.42 1015.2 800 1435.57 1985.32 6573.86 7194.62 8380.27 9002.62 9694.14 7722.25 5521.51 2578.03 738.562 1690.99 639.902 2551.52 7713.43 9687.12 8967 8342 7150 6525 1817 1192 0 625 637.455 2550.91 7713.23 9686.96 9788.5 7840.37 2912.84 1543.97 1858.26 1750 2117.4 2522.69 6755.6 7361.05 8523.58 9136.17 9899.77 7978.85 5911.81 3267.3 2138.8 2705.91 2303.36 3377.31 8024.53 9936.62 9322.53 8723.04 7591.11 7005.58 3131.13 2814.85 2550 2625.48 2913.73 3819.77 8220.55 10095.6 10471.9 8678.59 4725.58 4028.69 4345.18 4300 4462.16 4668.14 7814.45 8343.41 9385.04 9944.7 10725.6 8983.1 5263.96 4648.49 4978.9 4817.31 5413.62 7239.96 9071.61 10799.9 10315.9 9777.47 8782.51 8281.64 5414.01 5237.45 5100 5138.15 5438.6 5973.2 9416.26 11091 11683.9 10107.9 7013.03 6563.68 6878.45 6850 6952.94 7086.89 9460.34 9901.77 10794 11284 12044.8 10523.1 7599.23 7186.62 7433.84 7356.12 7759.72 9104.37 10639.6 12146.7 11786.8 11318.6 10471.2 10054.8 7862.82 7742.31 7650 7675.49 12534.1 11079.7 8353 7979.46 
1621.49 3346.45 8405.61 10366.6 800 1015.2 1985.32 2569.7 7194.62 7816.05 9002.62 9625.3 10318.4 8346.1 6145.03 3194.04 1277.63 1093.77 1223.25 3172.68 8337.95 10311.8 9592 8967 7775 7150 2442 1817 625 0 1221.98 3172.18 8337.76 10311.7 10407.1 8455.52 3469.91 1862.99 1750 1858.26 2522.69 3004.31 7361.05 7969.51 9136.17 9750.33 10511.8 8584.08 6497.99 3772.38 2379.36 2378.83 2528.31 3868.06 8626.55 10546.5 9925.17 9322.53 8182.49 7591.11 3530.7 3131.13 2625.48 2550 3094.63 4259.84 8809.19 10696.4 11052.3 9238.09 5087.9 4161.4 4300 4345.18 4668.14 4945.03 8343.41 8884.85 9944.7 10511.7 11293 9524.73 5591.5 4763.96 4808.98 4928.83 5732.61 7726.02 9608.25 11363.6 10863.5 10315.9 9298.42 8782.51 5654.5 5414.01 5138.15 5100 5537.62 6263.76 9934.3 11640.5 12206.8 10592.2 7262.11 6645.96 6850 6878.45 7086.89 7272.27 9901.77 10362.1 11284 11786.8 12552.7 10989.1 7829.68 7261.84 7321.12 7429.63 7985.54 9495.47 11100.7 12650.6 12269 11786.8 10907.5 10471.2 8030.31 7862.82 7675.49 7650 13022.9 11523.2 8563.19 8047.28 
1420 2432.49 7289.64 9234.83 1621.49 1241.91 1278.8 1679.2 6070.35 6685.79 7863.73 8482.94 9159.57 7194.06 5000.66 2129 795 2311.73 625 2071.53 7177.26 9146.38 8415.71 7791.17 6600.28 5976.05 1297.57 706.629 637.455 1221.98 0 1975 7150 9125 9194.7 7238.74 2275.42 1130 1862.99 1543.97 1573.79 1913.43 6139.27 6748.43 7917.06 8532.39 9292.24 7362.24 5280.92 2642.09 1755 2868.03 1925 2757.94 7404.6 9325.84 8703.2 8100.85 6963.13 6374.53 2570.06 2328.27 2308.21 2532.73 2550 3225.39 7591.11 9474.6 9839.11 8041.45 4176.48 3680 4161.4 4028.69 4040.21 4184.22 7178.94 7706.34 8747.93 9308.5 10089.5 8345.99 4736.42 4305 4910.41 4475 4891.45 6616.24 8434.93 10163.2 9678.44 9140.59 8149.34 7652.52 4952.95 4831.91 4822.28 4933.68 5100 5469.06 8782.51 10453.5 11048.9 9483.43 6535.56 6230 6645.96 6563.68 6570.76 6660.27 8853.74 9286.51 10167.5 10653.6 11413 9905.23 7133.84 6855 7280.36 7025 7297.35 8524.44 10023.6 11515.9 11162.6 10699.6 9866.27 9460.05 7447.36 7367.42 7361.1 7434.56 11907.5 10471.2 7900.83 7650 
2432.49 1420 5366.29 7289.64 3346.45 2764.62 1740.03 1320.35 4144.41 4749.53 5915.08 6530.03 7194.06 5235.71 3058.55 795 2129 4234.94 2071.53 625 5212.6 7177.26 6442.46 5818.26 4628.39 4005.02 779.311 1375.39 2550.91 3172.18 1975 0 5175 7150 7238.74 5296.94 1130 2275.42 3469.91 2912.84 1967.03 1607.74 4244.72 4837.31 5985.79 6594.15 7362.24 5464.49 3498.03 1755 2642.09 4562.48 2757.94 1925 5521.44 7404.6 6813.72 6226.85 5132.59 4578.39 2351.35 2610.21 3380.62 3870.95 3225.39 2550 5769.15 7591.11 8041.45 6350.04 3680 4176.48 5087.9 4725.58 4209 4053.56 5644.83 6102.95 7048.13 7571.61 8345.99 6731.54 4305 4736.42 6058.28 4891.45 4475 5303.09 6841.51 8434.93 8022.05 7529.95 6653.57 6236.04 4843.07 4973.9 5418.04 5736.79 5469.06 5100 7265.72 8782.51 9483.43 8098.98 6230 6535.56 7262.11 7013.03 6675.87 6578.97 7662.61 8006.09 8748.01 9175.01 9905.23 8589.04 6855 7133.84 8099.03 7297.35 7025 7550.78 8725.32 10023.6 9761.39 9361.18 8671.88 8355.82 7374.74 7461.31 7764.45 7990.13 10471.2 9235.97 7650 7900.83 
7289.64 5366.29 1420 2432.49 8405.61 7786.52 6608.88 5993.68 1621.49 1241.91 1278.8 1679.2 2129 795 2311.73 5235.71 7194.06 9376.92 7177.26 5212.6 625 2071.53 1297.57 706.629 637.455 1221.98 5898.15 6522.37 7713.23 8337.76 7150 5175 0 1975 2275.42 1130 5296.94 7238.74 8455.52 7840.37 6672.24 6063.47 1862.99 1543.97 1573.79 1913.43 2642.09 1755 2868.03 5464.49 7362.24 9529.33 7404.6 5521.44 1925 2757.94 2570.06 2328.27 2308.21 2532.73 6301.56 6889.33 8025.92 8627.85 7591.11 5769.15 2550 3225.39 4176.48 3680 6350.04 8041.45 9238.09 8678.59 7639.72 7114.23 4161.4 4028.69 4040.21 4184.22 4736.42 4305 6731.54 8345.99 10329.3 8434.93 6841.51 4910.41 4475 4891.45 4952.95 4831.91 4822.28 4933.68 7591.85 8086.37 9074.25 9610.74 8782.51 7265.72 5100 5469.06 6535.56 6230 8098.98 9483.43 10592.2 10107.9 9231.3 8801.35 6645.96 6563.68 6570.76 6660.27 7133.84 6855 8589.04 9905.23 11644.1 10023.6 8725.32 7280.36 7025 7297.35 7447.36 7367.42 7361.1 7434.56 9411.04 9814.32 10643 11104 7900.83 7650 9235.97 10471.2 
9234.83 7289.64 2432.49 1420 10366.6 9745.42 8562.25 7942.94 3346.45 2764.62 1740.03 1320.35 795 2129 4234.94 7194.06 9159.57 11347.2 9146.38 7177.26 2071.53 625 779.311 1375.39 2550.91 3172.18 7871.11 8495.66 9686.96 10311.7 9125 7150 1975 0 1130 2275.42 7238.74 9194.7 10407.1 9788.5 8611.25 7995.74 3469.91 2912.84 1967.03 1607.74 1755 2642.09 4562.48 7362.24 9292.24 11473.5 9325.84 7404.6 2757.94 1925 2351.35 2610.21 3380.62 3870.95 8177.76 8780.53 9937.74 10547.6 9474.6 7591.11 3225.39 2550 3680 4176.48 8041.45 9839.11 11052.3 10471.9 9380.84 8819.2 5087.9 4725.58 4209 4053.56 4305 4736.42 8345.99 10089.5 12146.1 10163.2 8434.93 6058.28 4891.45 4475 4843.07 4973.9 5418.04 5736.79 9208.82 9748.04 10802.1 11365.7 10453.5 8782.51 5469.06 5100 6230 6535.56 9483.43 11048.9 12206.8 11683.9 10716.9 10228.9 7262.11 7013.03 6675.87 6578.97 6855 7133.84 9905.23 11413 13282.3 11515.9 10023.6 8099.03 7297.35 7025 7374.74 7461.31 7764.45 7990.13 10758 11223 12149.8 12653.5 7650 7900.83 10471.2 11907.5 
9474.6 7591.11 3225.39 2550 10547.6 9937.74 8780.53 8177.76 3870.95 3380.62 2610.21 2351.35 1925 2757.94 4562.48 7404.6 9325.84 11473.5 9292.24 7362.24 2642.09 1755 1607.74 1967.03 2912.84 3469.91 7995.74 8611.25 9788.5 10407.1 9194.7 7238.74 2275.42 1130 0 1975 7150 9125 10311.7 9686.96 8495.66 7871.11 3172.18 2550.91 1375.39 779.311 625 2071.53 4234.94 7177.26 9146.38 11347.2 9159.57 7194.06 2129 795 1320.35 1740.03 2764.62 3346.45 7942.94 8562.25 9745.42 10366.6 9234.83 7289.64 2432.49 1420 2550 3225.39 7591.11 9474.6 10696.4 10095.6 8958.78 8368.86 4259.84 3819.77 3158.35 2948.02 3175 3739.15 7823.24 9661.59 11784.9 9718.78 7893.76 5297 3884.54 3345 3729.19 3897.59 4450.46 4833.45 8674.9 9245.31 10350.7 10937.5 9951.21 8178.23 4434.13 3970 5100 5469.06 8782.51 10453.5 11640.5 11091 10067.2 9546.01 6263.76 5973.2 5573.48 5457.04 5725 6056.09 9159.59 10772.2 12728.4 10863.5 9266.8 7154.49 6217.05 5895 6251.03 6352.93 6706.35 6966.4 10021.1 10518.8 11502.4 12033.2 6520 6812.56 9676.41 11215 
7591.11 5769.15 2550 3225.39 8627.85 8025.92 6889.33 6301.56 2532.73 2308.21 2328.27 2570.06 2757.94 1925 2868.03 5521.44 7404.6 9529.33 7362.24 5464.49 1755 2642.09 1913.43 1573.79 1543.97 1862.99 6063.47 6672.24 7840.37 8455.52 7238.74 5296.94 1130 2275.42 1975 0 5175 7150 8337.76 7713.23 6522.37 5898.15 1221.98 637.455 706.629 1297.57 2071.53 625 2311.73 5212.6 7177.26 9376.92 7194.06 5235.71 795 2129 1679.2 1278.8 1241.91 1621.49 5993.68 6608.88 7786.52 8405.61 7289.64 5366.29 1420 2432.49 3225.39 2550 5769.15 7591.11 8809.19 8220.55 7115.11 6547.65 3094.63 2913.73 2929.65 3125.25 3739.15 3175 6071.35 7823.24 9902.03 7893.76 6161.95 3932.89 3345 3884.54 3870.81 3714.68 3702.14 3846.13 6934.53 7472.67 8531.91 9100.43 8178.23 6522.39 3970 4434.13 5469.06 5100 7265.72 8782.51 9934.3 9416.26 8468.37 7997.51 5537.62 5438.6 5447.14 5554.79 6056.09 5725 7717.27 9159.59 11008.1 9266.8 7844.21 6212.58 5895 6217.05 6336.54 6242.38 6234.93 6321.49 8558.98 9000.52 9897.57 10391.6 6812.56 6520 8324.12 9676.41 
3225.39 2550 5769.15 7591.11 3870.95 3380.62 2610.21 2351.35 4578.39 5132.59 6226.85 6813.72 7404.6 5521.44 3498.03 1925 2757.94 4562.48 2642.09 1755 5464.49 7362.24 6594.15 5985.79 4837.31 4244.72 1607.74 1967.03 2912.84 3469.91 2275.42 1130 5296.94 7238.74 7150 5175 0 1975 3172.18 2550.91 1375.39 779.311 4005.02 4628.39 5818.26 6442.46 7177.26 5212.6 3058.55 625 2071.53 4234.94 2129 795 5235.71 7194.06 6530.03 5915.08 4749.53 4144.41 1320.35 1740.03 2764.62 3346.45 2432.49 1420 5366.29 7289.64 7591.11 5769.15 2550 3225.39 4259.84 3819.77 3158.35 2948.02 4911.58 5431.9 6475.78 7041.93 7823.24 6071.35 3175 3739.15 5297 3884.54 3345 4413.41 6161.95 7893.76 7403.03 6866.71 5892.5 5416.61 3729.19 3897.59 4450.46 4833.45 4434.13 3970 6522.39 8178.23 8782.51 7265.72 5100 5469.06 6263.76 5973.2 5573.48 5457.04 6724 7112.95 7938.78 8406.98 9159.59 7717.27 5725 6056.09 7154.49 6217.05 5895 6527.38 7844.21 9266.8 8942.78 8504.13 7738.86 7382.96 6251.03 6352.93 6706.35 6966.4 9676.41 8324.12 6520 6812.56 
2550 3225.39 7591.11 9474.6 2532.73 2308.21 2328.27 2570.06 6374.53 6963.13 8100.85 8703.2 9325.84 7404.6 5280.92 2757.94 1925 2868.03 1755 2642.09 7362.24 9292.24 8532.39 7917.06 6748.43 6139.27 1913.43 1573.79 1543.97 1862.99 1130 2275.42 7238.74 9194.7 9125 7150 1975 0 1221.98 637.455 706.629 1297.57 5976.05 6600.28 7791.17 8415.71 9146.38 7177.26 5000.66 2071.53 625 2311.73 795 2129 7194.06 9159.57 8482.94 7863.73 6685.79 6070.35 1679.2 1278.8 1241.91 1621.49 1420 2432.49 7289.64 9234.83 9474.6 7591.11 3225.39 2550 3094.63 2913.73 2929.65 3125.25 6617.9 7186.6 8293.72 8883 9661.59 7823.24 3739.15 3175 3932.89 3345 3884.54 5927.07 7893.76 9718.78 9171.9 8602.43 7540.77 7000.9 3870.81 3714.68 3702.14 3846.13 3970 4434.13 8178.23 9951.21 10453.5 8782.51 5469.06 5100 5537.62 5438.6 5447.14 5554.79 8055.13 8528.53 9480.21 9999.81 10772.2 9159.59 6056.09 5725 6212.58 5895 6217.05 7632.73 9266.8 10863.5 10454.3 9958.43 9057.14 8612.85 6336.54 6242.38 6234.93 6321.49 11215 9676.41 6812.56 6520 
3094.63 4259.84 8809.19 10696.4 2550 2625.48 3131.13 3530.7 7591.11 8182.49 9322.53 9925.17 10546.5 8626.55 6497.99 3868.06 2528.31 2378.83 2379.36 3772.38 8584.08 10511.8 9750.33 9136.17 7969.51 7361.05 3004.31 2522.69 1858.26 1750 1862.99 3469.91 8455.52 10407.1 10311.7 8337.76 3172.18 1221.98 0 625 1817 2442 7150 7775 8967 9592 10311.8 8337.95 6145.03 3172.68 1223.25 1093.77 1277.63 3194.04 8346.1 10318.4 9625.3 9002.62 7816.05 7194.62 2569.7 1985.32 1015.2 800 1621.49 3346.45 8405.61 10366.6 10547.6 8627.85 3870.95 2532.73 2550 2625.48 3131.13 3530.7 7591.11 8182.49 9322.53 9925.17 10697.8 8810.81 4263.2 3099.25 3120.71 3257.05 4379.25 6804.7 8867.55 10744.6 10160.2 9572.33 8466 7895.89 4145.58 3811.04 3407.8 3350 3846.13 4833.45 9100.43 10937.5 11365.7 9610.74 5736.79 4933.68 5100 5138.15 5414.01 5654.5 8782.51 9298.42 10315.9 10863.5 11642.9 9937.02 6268.08 5542.5 5593.42 5708.71 6415.52 8237.2 10030.7 11722.9 11261.3 10733.9 9760.15 9269.98 6385.4 6173.45 5933.01 5900 12033.2 10391.6 6966.4 6321.49 
